#species_taxid	min_ungapped_length	max_ungapped_length	expected_ungapped_length	number_of_genomes
9	318000	955000	636266	65
24	2950000	6050000	4500062	15
34	7410000	11116000	9262965	17
56	5994000	15000000	11989871	11
69	4891000	7337000	6113769	8
114	7212000	10820000	9015893	4
122	6222000	9334000	7777997	5
124	5461000	9315000	7387897	6
139	817000	1780000	1298715	95
140	688000	2067000	1377933	7
158	2253000	3380000	2816290	18
159	2430000	3646000	3038284	58
160	910000	1366000	1137855	281
162	2117000	4384000	3250767	15
164	1779000	2669000	2224027	5
172	3103000	4655000	3879078	7
173	3696000	5545000	4620087	332
174	3137000	4706000	3921559	112
192	5672000	8563000	7117205	32
193	5968000	9403000	7685216	4
195	1408000	2113000	1760586	18073
196	1600000	2200000	1900000	199
197	1375000	2064000	1719840	43402
198	1427000	2141000	1783873	47
199	1340000	2534000	1937433	238
200	1577000	2366000	1971264	15
201	1208000	1855000	1531487	447
202	1425000	2182000	1803524	6
204	1566000	2781000	2173965	12
206	1402000	2105000	1753386	9
210	1296000	1945000	1620653	2541
212	1221000	1833000	1527018	8
213	1705000	2559000	2131745	41
214	1287000	1931000	1609110	23
215	1428000	2890000	2158551	5
216	1764000	2647000	2205704	5
227	3657000	5487000	4572483	4
235	2627000	3941000	3283867	216
236	2632000	3949000	3290674	17
238	3263000	4895000	4078988	53
247	3034000	4552000	3792718	4
250	4041000	7136000	5588281	4
253	3771000	5883000	4826712	59
254	3366000	5143000	4254717	6
256	3351000	5027000	4188881	7
258	4111000	6167000	5138967	7
263	1431000	2148000	1789868	987
266	4152000	6229000	5190202	7
274	1701000	2635000	2167852	14
277	2446000	3671000	3058615	4
285	3905000	7391000	5648415	20
287	5248000	8021000	6634585	7649
292	6408000	10689000	8548432	187
293	2715000	4073000	3394111	14
294	4605000	8084000	6344426	254
296	4057000	6087000	5072204	37
298	5067000	8076000	6571188	9
300	4217000	6326000	5271368	24
301	2832000	6874000	4852859	23
303	3496000	8659000	6077558	182
305	4316000	6896000	5605618	277
316	2300000	6901000	4600489	125
317	4542000	7639000	6090746	466
329	3283000	7699000	5490874	53
337	5353000	8031000	6691685	19
339	4000000	6001000	5000745	77
343	3579000	5580000	4579499	66
346	4187000	6281000	5234061	436
347	3280000	5676000	4478019	445
353	3915000	5874000	4894338	10
354	4292000	6439000	5365318	5
358	2895000	8383000	5639262	204
359	4877000	9222000	7049703	88
373	4510000	7395000	5952335	58
375	5346000	12995000	9170725	32
380	5485000	8229000	6857480	20
381	4811000	8860000	6835209	23
382	5535000	8304000	6919332	231
384	6107000	9162000	7634792	421
396	5383000	8076000	6729303	24
398	4679000	8693000	6686334	11
399	4614000	8154000	6383928	8
408	2861000	8586000	5723986	10
421	4183000	6276000	5229455	4
435	2953000	4431000	3691697	8
436	2787000	4181000	3483869	11
437	2932000	4399000	3665656	4
438	2262000	4234000	3247995	29
442	1671000	4176000	2923610	16
446	2794000	4192000	3493198	3297
447	3297000	4947000	4121711	5
450	3330000	4996000	4162732	7
451	2623000	3935000	3279051	7
452	2666000	4000000	3333033	4
453	2841000	4263000	3552239	5
454	2460000	3691000	3075359	7
455	2699000	4050000	3374426	4
456	2469000	3705000	3087298	7
463	3084000	4628000	3856043	4
464	3030000	4600000	3815052	6
466	2890000	4337000	3613342	4
470	3188000	4784000	3985893	8965
471	3134000	4703000	3918659	28
477	2134000	3473000	2803373	6
478	1822000	2734000	2277882	5
480	1528000	2293000	1910359	205
483	1498000	2248000	1872773	7
484	1809000	2714000	2261439	10
485	1716000	2576000	2146174	905
486	1748000	2623000	2185479	39
487	1685000	2528000	2106461	3333
488	1618000	3368000	2492646	11
489	1657000	2487000	2072454	6
490	1903000	3155000	2529169	15
495	1921000	2883000	2401807	16
498	2655000	3983000	3318775	20
502	1762000	2644000	2203197	4
504	1533000	2300000	1916619	47
511	3326000	4990000	4158014	34
518	4159000	6240000	5199761	95
519	3819000	5729000	4773909	91
520	3284000	4927000	4105352	1037
521	2983000	4476000	3729395	26
529	2880000	6929000	4904887	35
536	3806000	5710000	4757892	26
539	1794000	2692000	2243138	20
542	1685000	2529000	2107011	28
545	3879000	5820000	4849770	148
546	4190000	6502000	5345835	901
548	4143000	6348000	5245455	341
549	3935000	5904000	4919733	109
550	3725000	6387000	5055696	301
552	3043000	4566000	3804174	138
553	3944000	5917000	4930534	143
554	3859000	5790000	4824612	36
556	3779000	5669000	4723912	5
562	4182000	6274000	5227678	123973
563	3322000	4985000	4153503	4
564	3818000	5728000	4773214	108
565	3596000	5395000	4495280	9
569	3793000	5691000	4742049	31
571	4868000	7411000	6139365	277
573	4480000	6721000	5600123	13637
575	4062000	7637000	5849675	50
577	4530000	6797000	5663732	35
580	4143000	6215000	5178883	4
582	3104000	4826000	3965372	196
584	3196000	4796000	3996101	717
585	3193000	5078000	4135404	22
587	3719000	5580000	4649193	119
588	3352000	5470000	4411042	63
614	4226000	6341000	5283729	28
615	3937000	6526000	5231794	1143
618	4138000	6208000	5173080	5
621	3402000	5273000	4337655	532
622	3239000	5461000	4350232	172
623	3556000	5336000	4446061	7493
624	3678000	5518000	4597664	11639
628	2193000	6580000	4386383	9
630	2814000	6242000	4527941	395
631	3934000	5903000	4918458	29
632	3689000	5535000	4612324	513
633	3772000	5660000	4715889	321
634	3443000	5165000	4304004	16
636	2979000	4470000	3724484	22
644	3970000	5956000	4962727	167
645	3842000	5764000	4803031	69
646	3746000	5620000	4683328	11
648	3609000	5414000	4511432	84
650	2859000	6224000	4541146	23
651	3469000	5817000	4642943	22
652	3396000	5095000	4245323	4
654	3499000	5683000	4590976	153
656	3668000	5503000	4585624	11
659	3653000	5480000	4566487	22
661	3886000	5830000	4857788	26
663	4181000	6273000	5227452	204
666	3252000	4880000	4066091	3405
668	3394000	5093000	4243600	69
669	4705000	7058000	5881490	51
670	4117000	6177000	5147137	4020
672	4030000	6046000	5037731	575
673	3277000	4916000	4096279	10
674	3461000	5193000	4327408	26
675	3040000	4561000	3800176	6
676	3849000	5774000	4811547	57
680	4253000	6469000	5360624	74
685	3753000	5630000	4691424	9
687	2353000	7062000	4707829	4
689	4605000	6909000	5757001	12
691	4129000	6194000	5161447	9
703	2856000	4671000	3763376	25
714	1625000	2705000	2164700	89
715	1137000	3412000	2274482	33
716	1987000	2982000	2484636	7
726	1525000	2306000	1915472	62
727	1478000	2218000	1847767	763
728	2042000	3071000	2556353	43
729	1563000	2537000	2049972	56
730	1303000	1956000	1629550	31
731	1546000	2808000	2176539	56
732	1866000	2801000	2333474	22
733	1568000	3224000	2396110	5
735	1674000	2513000	2093459	9
736	1631000	2448000	2039195	4
738	1587000	2902000	2244420	96
739	1577000	2367000	1971698	10
747	1835000	2815000	2325022	275
750	1998000	2998000	2498233	28
758	1863000	2796000	2329729	16
770	852000	1492000	1172327	23
774	1129000	1695000	1412164	17
777	1605000	2408000	2006411	64
779	1188000	1783000	1485110	23
781	1005000	1508000	1256573	4
782	889000	1334000	1111521	12
783	1014000	1522000	1268231	12
784	1008000	3027000	2017855	18
785	889000	1335000	1112155	4
803	1266000	1901000	1583713	18
807	1566000	2351000	1958588	6
813	523000	1569000	1045934	174
817	4199000	6300000	5249753	315
818	4900000	8008000	6454010	269
820	3869000	5999000	4934436	197
821	4194000	6292000	5242972	269
823	3992000	6360000	5175879	119
827	1279000	2052000	1665702	11
831	2330000	6993000	4661921	11
833	2941000	4413000	3676859	4
837	1867000	2801000	2333958	67
839	2790000	4329000	3559386	9
847	1972000	2959000	2465377	7
849	1417000	2127000	1772479	4
850	1631000	3661000	2646367	10
851	1622000	3196000	2408755	71
853	2276000	3789000	3032382	87
856	2231000	4380000	3305835	8
859	1099000	3277000	2187836	46
860	1978000	2968000	2472857	8
861	2831000	4247000	3539037	7
865	2408000	3613000	3010135	9
870	1093000	1640000	1366555	4
876	2548000	4188000	3367729	8
881	2987000	4482000	3734357	5
891	3044000	4568000	3805861	4
897	3543000	5316000	4429203	4
901	2260000	3392000	2826240	6
905	1863000	2796000	2329769	5
907	1965000	2949000	2456855	14
915	2198000	3298000	2748156	4
916	1990000	3075000	2532595	7
920	1673000	4546000	3109318	16
930	2454000	4948000	3700877	19
945	939000	1410000	1174357	9
948	1106000	1898000	1502024	29
955	657000	1767000	1211929	31
959	2639000	4914000	3776243	8
964	4398000	6598000	5497829	5
971	1829000	4401000	3114938	13
979	3036000	4555000	3795066	4
986	4113000	7009000	5560999	9
989	3981000	5973000	4977085	4
996	2604000	3907000	3255527	59
1010	3787000	5681000	4734140	6
1015	1903000	2856000	2379308	5
1018	2123000	3185000	2653757	7
1019	2398000	3598000	2997845	7
1035	3357000	5036000	4196438	4
1053	2154000	3232000	2692525	4
1061	3007000	4512000	3759534	14
1063	3708000	5563000	4635445	25
1066	1656000	4970000	3313105	6
1074	3778000	5669000	4723593	5
1076	3526000	7272000	5399163	22
1080	3172000	4759000	3965167	5
1085	3315000	5391000	4352825	5
1086	2686000	4030000	3357672	5
1094	1551000	2510000	2030362	6
1126	2966000	6890000	4927998	54
1160	4329000	6494000	5411562	7
1165	5602000	8405000	7003498	5
1176	2173000	6521000	4347270	9
1184	5614000	8423000	7018568	4
1219	845000	2536000	1690556	59
1229	2817000	4227000	3522111	5
1231	2587000	3882000	3234309	13
1238	2652000	4326000	3489398	84
1244	1551000	2328000	1939232	10
1245	988000	2909000	1948225	85
1246	1390000	2086000	1738189	19
1247	1498000	2285000	1891588	220
1249	1592000	2389000	1990302	26
1252	1418000	2128000	1772787	17
1254	1548000	2477000	2012581	169
1255	1465000	2199000	1831869	68
1260	1523000	2286000	1904197	23
1261	1663000	2496000	2079819	8
1264	3387000	5082000	4234989	7
1265	2417000	4858000	3637404	15
1267	1981000	2973000	2476951	6
1270	1939000	3056000	2497512	81
1273	2134000	3202000	2667627	4
1274	2474000	3712000	3093079	10
1275	3153000	4731000	3941791	12
1276	2114000	3453000	2783568	5
1280	2272000	3409000	2840058	22815
1281	2101000	3153000	2627144	12
1282	1990000	2986000	2487976	2744
1283	2002000	3004000	2503149	338
1284	1726000	3139000	2432369	9
1285	2151000	3227000	2689141	8
1286	2127000	3191000	2658862	66
1288	2266000	3400000	2832714	64
1290	1795000	2694000	2244690	152
1292	1390000	3709000	2549441	83
1293	2346000	3520000	2932708	23
1294	1658000	2489000	2073632	4
1295	1940000	2912000	2425907	27
1296	2256000	3385000	2820566	103
1299	2626000	3940000	3283189	7
1302	1754000	2632000	2192557	54
1303	1570000	2356000	1962522	131
1304	1752000	2630000	2190865	160
1305	1887000	2832000	2359323	65
1307	1543000	2682000	2112673	2406
1308	1411000	2267000	1839092	124
1309	1573000	2396000	1984339	256
1310	1686000	2530000	2108084	55
1311	1674000	2512000	2093230	1365
1313	1675000	2514000	2094596	21912
1314	1437000	2157000	1797315	2780
1318	1065000	3197000	2130704	74
1322	2474000	3873000	3173362	4
1323	1337000	2774000	2055154	9
1326	1905000	2859000	2382433	6
1328	1490000	2431000	1960456	80
1329	1654000	2560000	2106993	20
1334	1721000	2582000	2151441	110
1335	1402000	2348000	1875197	46
1336	1703000	2556000	2129753	382
1338	1553000	2331000	1942413	45
1340	1563000	2346000	1954699	9
1343	1400000	2448000	1923934	12
1346	1596000	2395000	1995017	90
1348	1645000	2516000	2080372	23
1349	1539000	2310000	1924726	68
1351	1504000	4488000	2996007	4840
1352	2348000	3682000	3015082	11620
1353	2409000	4509000	3458815	66
1354	2299000	3499000	2898806	344
1355	2017000	3027000	2522431	4
1358	2004000	3072000	2538171	181
1359	1928000	3069000	2498465	63
1363	1655000	2513000	2084032	44
1364	1812000	2719000	2265163	5
1366	1868000	2826000	2347098	11
1376	1329000	2619000	1974116	78
1377	1430000	2582000	2005853	7
1379	1538000	2308000	1922556	7
1390	3172000	4759000	3965658	110
1392	4345000	6519000	5432254	292
1393	5155000	7733000	6443936	15
1396	4189000	7324000	5756543	1166
1397	2588000	7767000	5177380	16
1398	2318000	4455000	3386433	43
1399	3499000	6245000	4871946	17
1401	5649000	8475000	7062432	7
1402	3413000	5121000	4266743	195
1404	3822000	7618000	5719819	146
1405	4590000	6892000	5740765	116
1406	4642000	6964000	5803030	65
1408	2932000	4400000	3666243	154
1421	3631000	5917000	4773964	39
1422	1674000	4094000	2884266	18
1423	3304000	4957000	4130279	447
1426	3158000	4738000	3948323	13
1428	4422000	7704000	6063040	652
1451	5602000	8404000	7003096	9
1452	3304000	4957000	4130668	35
1455	3183000	4776000	3979584	8
1462	2853000	4281000	3567073	6
1464	3381000	5375000	4378174	15
1465	4222000	6350000	5285770	27
1471	2793000	4191000	3492228	6
1472	5681000	8523000	7102047	4
1473	3794000	5692000	4742641	5
1478	4519000	6779000	5649058	20
1479	2587000	3882000	3234473	4
1482	2179000	5726000	3952434	8
1488	3287000	4931000	4108978	18
1490	2868000	4303000	3585484	14
1491	2625000	5162000	3893087	814
1492	3677000	5517000	4597006	48
1494	1998000	3054000	2525868	7
1496	3366000	5050000	4207982	8169
1501	3401000	5303000	4352101	9
1502	2343000	4408000	3375629	454
1504	2681000	4023000	3351844	4
1505	2805000	4209000	3507167	55
1509	3287000	4932000	4109888	105
1510	2404000	3607000	3005000	4
1512	3997000	5997000	4997171	24
1513	2269000	3404000	2836343	43
1515	2851000	4278000	3564486	11
1517	2170000	3256000	2712824	8
1519	2446000	3671000	3058465	18
1520	4912000	7369000	6140040	236
1522	2262000	6787000	4524141	34
1525	2096000	3145000	2620223	18
1529	2827000	4241000	3534092	6
1531	3459000	7534000	5496543	35
1532	3709000	7392000	5550241	4
1542	2007000	3012000	2509966	10
1547	2677000	4566000	3621306	19
1553	2760000	6152000	4455868	6
1559	3102000	4654000	3877854	9
1561	2469000	3704000	3086483	12
1571	2689000	4035000	3362333	5
1575	1326000	3980000	2653059	5
1579	1575000	2364000	1969954	52
1580	1918000	3216000	2567422	73
1581	2038000	3058000	2548287	26
1582	2295000	3605000	2949909	28
1583	1816000	2725000	2270650	79
1584	1310000	2239000	1774338	275
1587	1499000	2523000	2010950	135
1588	1910000	3629000	2769623	7
1589	3015000	4524000	3769827	29
1590	2610000	3916000	3262755	579
1596	972000	2919000	1945820	51
1597	2342000	3695000	3018625	212
1598	1477000	2747000	2111898	198
1599	1595000	2394000	1994569	53
1600	1321000	1983000	1652219	8
1601	1751000	2627000	2188892	27
1604	1562000	2504000	2032940	12
1605	1368000	2365000	1866689	10
1606	1301000	1952000	1626270	16
1610	2263000	3396000	2829178	9
1612	1976000	2965000	2470630	9
1613	1496000	2514000	2005051	83
1614	1101000	1653000	1377287	8
1618	1851000	3336000	2593336	5
1622	1901000	2887000	2393992	46
1623	1708000	2563000	2135334	49
1624	1434000	2523000	1978364	189
1625	1036000	1555000	1295539	31
1629	771000	2315000	1543215	6
1630	1419000	2746000	2082770	8
1631	1178000	1768000	1473297	4
1632	1498000	2650000	2073882	6
1633	1367000	2245000	1806246	5
1638	2325000	3489000	2906947	44
1639	2416000	3626000	3020958	39850
1640	2295000	3444000	2869382	169
1641	2128000	3194000	2660946	6
1642	2339000	3510000	2924382	238
1643	2242000	3364000	2802773	191
1648	1419000	2130000	1774866	14
1650	2302000	3454000	2878279	5
1655	2519000	3780000	3149938	23
1657	1860000	2791000	2325453	5
1660	1915000	2873000	2393758	7
1661	1868000	2804000	2336146	20
1680	1737000	2676000	2206432	318
1681	1763000	2645000	2204104	105
1683	1611000	2418000	2014541	6
1684	1650000	2684000	2167304	15
1685	1864000	2798000	2330922	113
1686	1656000	2652000	2153555	17
1689	2059000	3090000	2574823	43
1694	1614000	2422000	2017681	75
1697	2232000	3349000	2790185	5
1703	3136000	4705000	3920172	7
1705	2185000	3509000	2847162	7
1708	3026000	5408000	4216995	4
1710	3170000	5413000	4291606	18
1717	1941000	2913000	2427149	525
1718	2612000	3920000	3265953	71
1719	1870000	2806000	2337832	122
1724	1870000	2806000	2338129	5
1725	2228000	3343000	2785718	6
1735	2015000	3024000	2519188	8
1736	3492000	5239000	4365636	5
1744	1310000	3931000	2620484	49
1747	2002000	3004000	2503152	265
1748	2910000	4367000	3638672	8
1749	2425000	3639000	3032477	5
1750	2736000	4106000	3421179	10
1764	3974000	6455000	5214386	192
1766	5164000	7748000	6455840	26
1767	4171000	7160000	5665609	62
1768	5130000	7696000	6412855	30
1769	2612000	3920000	3266185	5
1771	4257000	6387000	5322335	9
1772	5465000	8199000	6831922	32
1773	3504000	5257000	4380147	6750
1774	3531000	6668000	5099700	55
1778	5855000	8784000	7319570	7
1780	4532000	6799000	5665471	7
1781	5058000	7588000	6322907	26
1784	4109000	7409000	5759160	4
1788	3622000	5435000	4528566	4
1789	3758000	6093000	4925527	4
1790	4751000	7128000	5939987	10
1795	4374000	6563000	5468381	9
1800	4787000	7181000	5983816	4
1807	4578000	6979000	5778687	4
1809	4436000	6655000	5545026	8
1823	6096000	9145000	7620683	8
1824	5563000	8346000	6954811	4
1828	4633000	6950000	5791384	34
1829	3906000	8282000	6094125	16
1830	4480000	6761000	5620386	15
1833	5408000	8240000	6823799	34
1836	6577000	9866000	8221454	6
1863	2052000	3079000	2565703	43
1867	6594000	9892000	8242863	4
1874	4644000	8899000	6771505	5
1877	6081000	9123000	7602120	4
1886	5628000	8443000	7035786	46
1888	3922000	11769000	7845903	19
1890	6062000	12396000	9229297	4
1892	6722000	10084000	8402523	8
1893	5034000	13112000	9072852	4
1894	5789000	12595000	9192027	5
1898	6263000	10894000	8578892	7
1901	4434000	10954000	7694104	29
1902	6867000	10301000	8583997	12
1905	6248000	10245000	8246577	4
1906	4416000	9571000	6993486	7
1908	5861000	9472000	7666521	5
1911	5548000	10514000	8030720	23
1912	7539000	12728000	10133809	10
1914	6033000	10675000	8354185	9
1916	6688000	10033000	8360641	5
1927	7512000	11458000	9485098	37
1930	7996000	11996000	9995844	18
1932	6216000	11058000	8637030	4
1938	5372000	14003000	9687428	7
1956	5904000	9523000	7713327	5
1969	6174000	12721000	9447707	8
2014	5251000	7878000	6564376	6
2021	2912000	4369000	3640217	6
2026	2085000	3129000	2606885	6
2033	2698000	4620000	3658842	13
2035	3018000	4529000	3773592	35
2039	706000	1061000	883379	19
2045	4504000	6757000	5630549	5
2047	1994000	2992000	2492765	14
2051	1720000	2581000	2150555	16
2052	2027000	3042000	2534310	20
2055	4538000	6808000	5673297	9
2061	3441000	5738000	4589229	4
2074	4537000	10534000	7535285	5
2094	474000	859000	666429	6
2095	813000	1221000	1017181	28
2096	770000	1157000	963584	28
2097	463000	696000	579677	6
2098	552000	849000	700135	49
2099	718000	1078000	898131	22
2100	660000	991000	825049	92
2102	798000	1371000	1084324	44
2104	653000	980000	816465	175
2109	652000	980000	816008	10
2110	695000	1099000	897072	6
2113	639000	959000	799089	7
2115	494000	1485000	989769	6
2116	989000	1485000	1236860	4
2128	608000	913000	760805	8
2130	551000	1151000	850655	20
2133	1152000	2470000	1810823	8
2134	828000	1727000	1277393	4
2138	1243000	2685000	1964168	5
2148	1191000	1788000	1489823	16
2151	640000	961000	800236	12
2173	1436000	2270000	1853160	31
2188	1502000	2254000	1878025	4
2208	3654000	5482000	4567676	6
2209	3263000	4896000	4079313	64
2242	1943000	2916000	2429680	5
2246	3151000	4728000	3939578	7
2252	3120000	4681000	3900353	4
2285	1776000	2666000	2220877	56
2287	2139000	3222000	2680466	15
2336	1495000	2244000	1869610	6
2371	2017000	3026000	2521342	121
2426	4126000	6191000	5158569	10
2702	1208000	2005000	1606123	114
2711	180589000	454776000	317682884	4
2718	2057000	3086000	2571547	6
2738	2198000	3323000	2760670	13
2743	3314000	5137000	4225509	10
2748	2184000	3278000	2730877	41
2751	2791000	4268000	3529514	34
2754	2109000	3164000	2636275	6
2756	2046000	3070000	2557615	23
3076	46411000	69618000	58014393	6
3077	18865000	56598000	37731351	4
3197	153843000	282371000	218107457	5
3435	354277000	1062833000	708555204	4
3483	438294000	1314885000	876589811	13
3634	868904000	2606714000	1737808872	4
3635	1836051000	2754078000	2295064825	4
3656	283330000	432146000	357738170	7
3659	119872000	359618000	239745052	14
3702	76114000	162292000	119203081	31
3711	173978000	521935000	347956259	6
3712	351954000	707841000	529897152	5
3726	183535000	550606000	367070339	6
3760	145597000	291871000	218733814	6
3818	2012519000	3018779000	2515649130	4
3827	233265000	699796000	466530150	5
3847	793426000	1190140000	991783186	13
3848	672913000	1253102000	963007480	4
3880	319626000	479440000	399532933	6
3885	324015000	543763000	433888975	5
3914	223901000	671705000	447803293	5
3981	699130000	1888010000	1293569600	5
3983	301366000	904099000	602732548	6
4006	167738000	433290000	300513968	4
4072	2228436000	3453688000	2841062023	6
4081	392951000	1091056000	742003230	6
4084	519062000	984317000	751689486	4
4097	2884839000	4327260000	3606049978	4
4113	369653000	1108960000	739306080	11
4182	128174000	384523000	256348445	4
4236	999651000	2998956000	1999303479	4
4432	598488000	946133000	772310458	5
4513	2054738000	6164215000	4109476424	33
4530	233988000	530025000	382006484	49
4558	331979000	995940000	663959921	4
4565	7575278000	20866574000	14220925698	23
4577	1438308000	2941885000	2190096555	42
4639	352710000	529067000	440888556	4
4781	35727000	107184000	71455917	5
4784	29145000	87437000	58291129	11
4785	31382000	94148000	62765204	5
4787	100336000	301011000	200673608	5
4790	38212000	114639000	76425344	4
4792	40217000	67526000	53871265	9
4896	10251000	15378000	12814701	19
4903	9893000	16557000	13225377	4
4909	5540000	16146000	10842591	14
4911	8350000	13325000	10837608	17
4922	7486000	11230000	9358152	33
4927	9922000	29767000	19844617	5
4929	8502000	12755000	10628627	8
4931	9032000	15402000	12217162	5
4932	7603000	15651000	11627053	971
4950	7242000	10865000	9053347	15
4952	16170000	24256000	20212580	23
4956	9620000	28862000	19241081	4
4959	6058000	18175000	12116211	11
5007	6574000	19724000	13148849	11
5011	10630000	15946000	13287634	4
5025	21987000	65964000	43975758	88
5037	17153000	51461000	34306788	10
5039	52220000	82134000	67176644	4
5059	29582000	44374000	36977536	108
5061	28463000	42696000	35579745	22
5062	30179000	45269000	37723786	97
5067	27375000	50627000	39000708	10
5068	28119000	42180000	35149239	4
5075	29269000	43905000	36587430	6
5076	25763000	38646000	32204491	21
5082	21629000	32445000	27036988	5
5098	19001000	28502000	23751453	4
5111	24477000	36716000	30596272	26
5116	35003000	52505000	43753803	93
5127	35095000	52643000	43869019	20
5141	33010000	49516000	41262611	4
5158	22859000	34981000	28920137	4
5207	14815000	22224000	18519860	64
5270	15637000	23457000	19547153	33
5272	14453000	43361000	28906851	15
5286	10183000	30551000	20366904	16
5315	29129000	58073000	43600707	4
5322	27503000	41256000	34379250	4
5323	23378000	70136000	46757147	4
5334	19783000	55967000	37874830	8
5341	24594000	36892000	30743263	6
5353	25579000	54129000	39853932	8
5467	32685000	80010000	56347553	4
5476	10856000	17881000	14368231	66
5477	15234000	22853000	19043405	12
5478	10060000	15091000	12575042	18
5480	10434000	15653000	13043583	13
5482	11620000	17431000	14525295	5
5501	21460000	33443000	27451393	5
5507	34690000	69974000	52332142	534
5516	30251000	45378000	37814809	4
5518	29010000	43517000	36263675	109
5530	27068000	49735000	38401235	6
5537	16029000	24044000	20036278	39
5544	32615000	48924000	40769814	6
5551	18470000	27706000	23087565	12
5580	22553000	33831000	28192303	67
5599	27032000	40549000	33790217	15
5601	28862000	43294000	36078247	8
5660	25910000	38866000	32387892	4
5661	18823000	43682000	31252241	11
5666	25058000	37589000	31323415	5
5671	25855000	38784000	32319275	4
5691	13265000	39796000	26530440	4
5693	24000000	90000000	57000000	32
5741	8546000	14389000	11467485	19
5755	28875000	86627000	57751186	4
5759	8731000	26196000	17463908	8
5763	22207000	33312000	27759193	4
5807	6975000	11141000	9057994	19
5811	50397000	75596000	62996412	24
5821	14698000	22048000	18373293	6
5825	15150000	22727000	18938342	5
5833	11539000	34619000	23078788	56
5850	19478000	29218000	24348038	5
5855	18570000	39189000	28879444	16
5860	15313000	22971000	19142069	10
5861	17912000	26869000	22390270	12
5868	5150000	7726000	6438007	7
5875	6598000	9898000	8248203	5
5970	21119000	31679000	26398950	7
6035	1830000	2746000	2288106	5
6192	938366000	1407551000	1172958462	4
6239	73772000	132750000	103260833	25
6253	222997000	334496000	278746414	4
6293	63766000	104760000	84263234	4
6304	134492000	403477000	268984579	4
6306	75435000	226308000	150871850	4
6326	53858000	93822000	73840383	6
6334	22430000	67292000	44861163	6
6337	24114000	72344000	48229247	6
6526	637022000	1025868000	831445216	4
6853	1191813000	2634599000	1913205665	4
6941	1119048000	3357147000	2238097559	4
7038	459693000	790958000	625325389	9
7091	288499000	536563000	412531018	4
7108	195192000	585579000	390385634	7
7111	277573000	416360000	346966341	4
7159	637042000	1911127000	1274084631	4
7160	888108000	2664327000	1776217663	5
7165	120119000	360360000	240239474	4
7217	126905000	304122000	215513796	4
7227	89264000	186063000	137663075	26
7237	81629000	244889000	163258851	5
7240	56327000	168984000	112655351	12
7241	101205000	151808000	126506499	4
7244	145459000	219146000	182302647	5
7291	78105000	234317000	156210896	4
7460	181216000	271825000	226520549	6
7461	168167000	252252000	210209239	4
7719	61475000	184428000	122951600	5
7906	1214922000	2087530000	1651225683	4
7937	808715000	1213073000	1010893997	4
7950	575050000	862576000	718813331	4
7955	1012123000	1661469000	1336796155	11
7957	869453000	2608362000	1738907448	4
7962	846230000	1952622000	1399425709	6
8010	743416000	1115125000	929270532	4
8022	846460000	2539381000	1692920281	4
8049	343016000	873043000	608029870	5
8090	564285000	899697000	731991239	20
8153	488013000	884379000	686196086	4
8156	564436000	846655000	705545520	4
8187	486953000	786509000	636730919	4
8839	932014000	1407747000	1169880749	9
8962	948665000	1422999000	1185831672	4
9305	2345411000	3518118000	2931764606	4
9325	1902000	2854000	2378237	4
9407	1519023000	2278535000	1898778910	4
9483	1395539000	4186618000	2791078203	9
9541	2037227000	3134103000	2585664943	9
9544	1435590000	4306772000	2871181313	7
9606	1412960000	4238883000	2825921536	539
9612	1172454000	3517365000	2344909802	17
9668	1916991000	3001804000	2459397266	23
9739	1897826000	2846740000	2372283309	5
9823	1946667000	2920002000	2433334271	20
9925	1823876000	3624883000	2724379430	5
9940	1319256000	3957769000	2638512114	8
10029	1854492000	2781740000	2318115958	5
10090	1653376000	2984854000	2319115079	22
10243	178000	268000	222732	40
10244	157000	237000	197216	100
10245	132000	246000	189274	25
10255	148000	223000	185578	5
10258	110000	166000	137986	5
10261	228000	343000	285470	4
10266	120000	181000	150057	17
10273	129000	195000	162455	54
10279	151000	228000	189312	22
10298	118000	179000	148670	18
10310	56000	169000	112559	21
10376	97000	175000	136187	109
10407	2443	3987	3215	63
10454	108000	163000	135556	9
10493	84000	127000	105022	47
10497	150000	227000	188643	85
10537	24000	37000	30536	8
10561	5823	8734	7279	8
10570	6391	9586	7989	12
10665	135000	203000	168905	8
10678	49000	148000	98230	4
10754	33000	51000	41724	9
10821	2150	3225	2688	12
10826	2171	3256	2714	9
10832	2216	3324	2770	6
10834	2198	3297	2748	6
10840	2344	3517	2931	9
10847	4308	6463	5386	134
10879	10000	17000	13388	4
11002	4690	7035	5863	6
11034	9362	15000	11703	5
11036	9146	14000	11433	6
11072	8780	13000	10976	1
11079	8811	13000	11014	1
11082	8769	13000	10962	3
11103	7548	12000	9435	177
11234	12000	19000	15894	1
11250	12000	19000	15194	71
11269	15000	22000	19111	2
11292	9540	15000	11926	49
11320	10000	16000	13133	130
11552	10000	15000	12906	1
11676	7164	11000	8955	495
11709	8176	13000	10221	39
11723	7408	12000	9261	107
11983	6037	9056	7547	24
12110	6548	9823	8186	8
12211	7828	12000	9786	11
12216	7760	12000	9700	6
12287	3598	5397	4498	4
12305	4261	13000	8522	249
12475	1344	2016	1680	16
12558	3318	4977	4148	1
12585	5118	7677	6398	126
12637	8560	13000	10701	6
12639	2419	3628	3024	5
13123	514472000	1133081000	823776453	4
13368	8326000	12490000	10408146	4
13370	8971000	13458000	11214504	4
13373	4524000	6787000	5655539	83
13563	21598000	33694000	27645932	4
13684	28243000	46596000	37419743	24
13686	299068000	469842000	384455008	7
13689	3214000	5441000	4327402	9
13690	3798000	7404000	5601008	16
15368	125307000	311384000	218345867	4
22663	206754000	360474000	283613915	4
27288	8940000	13411000	11175037	6
27291	9567000	14352000	11959616	13
27292	11134000	33404000	22269028	31
27293	9800000	14701000	12250173	4
27334	25768000	38653000	32210547	8
27337	27462000	41195000	34328534	34
27350	36836000	110511000	73673608	16
28025	1547000	2321000	1933912	90
28026	1757000	2637000	2196710	264
28031	3771000	5658000	4714446	27
28034	2058000	4593000	3325386	7
28035	2057000	3087000	2571731	38
28037	1602000	2404000	2002797	136
28038	1545000	2319000	1931924	26
28051	2176000	3266000	2721098	4
28068	4083000	6125000	5104164	7
28077	5549000	8571000	7060322	8
28080	1336000	2005000	1670772	468
28082	3506000	5260000	4382847	6
28084	2972000	4459000	3715643	4
28087	3286000	4931000	4108369	8
28090	2712000	4071000	3391348	26
28091	1732000	2599000	2165490	8
28094	5246000	7871000	6558677	5
28095	6665000	9998000	8331451	244
28097	3422000	6962000	5191832	5
28099	3022000	8134000	5577926	10
28101	4344000	6517000	5430804	6
28108	3817000	5726000	4771491	24
28109	3419000	5130000	4274777	5
28110	1621000	2432000	2026262	50
28111	3205000	5402000	4303245	25
28112	2640000	3961000	3300179	13
28113	2900000	4352000	3626105	4
28114	1885000	2829000	2357014	20
28115	1859000	2790000	2324569	7
28116	4795000	8648000	6721696	273
28117	1579000	3521000	2549878	5
28118	3677000	5517000	4597050	32
28125	1990000	2987000	2488416	8
28126	2538000	3808000	3172595	4
28127	2313000	3676000	2994087	4
28129	2435000	3653000	3044139	10
28130	2241000	3363000	2802052	7
28131	2220000	3331000	2775833	33
28132	2570000	3857000	3213441	15
28133	2326000	3490000	2907657	8
28134	2279000	3419000	2849142	5
28135	2534000	3802000	3168212	5
28137	2331000	3498000	2914585	4
28141	3603000	5405000	4503911	631
28151	4277000	6416000	5346359	14
28152	3627000	5441000	4534065	36
28171	3354000	5032000	4192589	12
28172	2780000	4720000	3749567	12
28173	5076000	7615000	6345190	18
28182	3755000	5634000	4694952	17
28183	3212000	4819000	4015390	39
28184	3426000	5141000	4283634	20
28188	1964000	2947000	2455405	15
28189	2134000	3202000	2667569	7
28197	1809000	2715000	2261829	48
28198	1658000	2529000	2093732	30
28200	1548000	2323000	1935074	15
28251	1918000	2878000	2397867	7
28258	3341000	5012000	4176400	5
28264	1434000	2538000	1986154	5
28295	22000	34000	28029	44
28350	2207	3310	2759	5
28447	2640000	3961000	3300327	80
28448	2915000	4373000	3643860	10
28449	1809000	2715000	2262420	17
28450	5699000	8550000	7124343	1825
28452	3549000	5324000	4436408	5
28454	4744000	7291000	6017441	10
28873	161000	243000	202247	4
28875	9017	28000	18034	2514
28876	14000	22000	17934	7
28898	1477000	2217000	1846966	14
28901	3820000	5731000	4775358	336760
28903	735000	1125000	929679	427
29092	1546362000	2633710000	2090036034	4
29159	445315000	729016000	587165554	4
29176	49110000	73666000	61387881	4
29311	3493000	5240000	4366495	5
29320	3593000	5390000	4491478	7
29341	3791000	5688000	4739380	6
29347	2664000	4575000	3619500	10
29348	1948000	3067000	2507485	10
29354	2552000	7657000	5104430	4
29361	2386000	3888000	3137117	5
29363	2887000	4332000	3609608	23
29378	2087000	3131000	2608792	30
29379	1805000	2709000	2257278	10
29380	2109000	3165000	2636914	13
29382	2127000	3191000	2658934	80
29384	2111000	3167000	2639038	9
29385	2111000	3167000	2639140	146
29388	2003000	3006000	2504308	138
29394	1536000	2305000	1920210	32
29419	1346000	2504000	1924983	5
29423	1386000	4160000	2773209	5
29430	2801000	4203000	3501878	54
29432	2549000	3825000	3186773	4
29433	1847000	2772000	2309632	4
29438	4743000	7116000	5929313	114
29442	5398000	8099000	6748391	14
29447	2947000	4421000	3684091	17
29448	7490000	11387000	9438256	18
29449	3308000	9927000	6617803	19
29450	5342000	8014000	6678268	5
29459	2632000	3950000	3290983	351
29460	2635000	3954000	3294370	6
29461	2652000	3979000	3315544	70
29466	1199000	3073000	2136218	20
29471	3967000	5952000	4959719	13
29483	3479000	5220000	4349939	11
29484	3878000	5818000	4847790	49
29485	3497000	5247000	4372463	11
29486	3006000	4510000	3758102	69
29488	4331000	6498000	5414260	13
29489	3515000	5274000	4394426	7
29494	2677000	7241000	4958664	15
29495	3175000	5518000	4346363	31
29497	4336000	6506000	5421249	108
29498	3282000	7416000	5348944	5
29507	3524000	5287000	4405209	34
29508	3302000	4954000	4127621	11
29518	629000	1890000	1259498	9
29519	629000	1890000	1259493	79
29522	2130000	3196000	2662929	17
29546	1355000	2034000	1694200	7
29549	2709000	4065000	3386737	5
29555	671000	1068000	869060	8
29559	693000	1041000	866715	9
29561	515000	774000	644771	4
29562	816000	1225000	1020200	13
29570	3083000	4626000	3854910	8
29575	1334000	2002000	1668004	11
29581	4299000	8445000	6371954	14
29656	107674000	161512000	134592505	6
29710	289703000	869110000	579406249	5
29760	208125000	624377000	416250765	8
29833	7042000	10564000	8802515	10
29856	44133000	66201000	55167446	5
29875	28815000	55141000	41977980	4
29879	22957000	51597000	37276863	42
29881	31409000	47115000	39261962	14
29908	26017000	39026000	32521574	4
29910	24592000	36890000	30741189	8
29917	27158000	40738000	33947519	4
29920	30372000	91119000	60745609	20
30069	101373000	304122000	202747998	6
31234	81032000	165440000	123236113	4
31600	2050	6151	4101	4
31744	3559	5338	4449	2
31899	2347000	3522000	2934971	23
31958	7403000	11105000	9253881	4
31998	3686000	10112000	6899110	7
32002	5367000	8052000	6709988	14
32046	2190000	3287000	2738669	8
32201	318339000	955019000	636679261	5
32515	553791000	830687000	692239148	4
32597	31546000	94639000	63092351	5
33007	1845000	2769000	2306850	6
33010	2033000	3050000	2541539	21
33025	1954000	2933000	2443620	22
33028	1879000	2820000	2349838	14
33029	1518000	2278000	1898141	4
33031	1176000	2222000	1699205	5
33033	1343000	2015000	1679083	8
33035	3040000	9122000	6080846	13
33037	1594000	2392000	1992607	5
33038	2384000	4619000	3501207	81
33039	2285000	3633000	2959200	17
33043	2521000	3782000	3151527	14
33044	1438000	2158000	1797808	9
33045	1908000	2864000	2385853	5
33046	1009000	3028000	2018620	7
33047	1408000	2197000	1802699	9
33050	2549000	7648000	5098553	5
33051	3229000	4844000	4036292	6
33052	2850000	4710000	3780213	4
33059	2107000	3627000	2866714	18
33060	3690000	5536000	4612522	24
33069	4786000	7181000	5983438	1545
33178	23609000	35415000	29511967	10
33203	30399000	45600000	37999979	4
33418	132414000	397244000	264828702	5
33419	166861000	500585000	333723213	17
33424	100540000	301622000	201080857	18
33425	138770000	416312000	277540923	6
33441	142223000	426670000	284446170	10
33444	173696000	521090000	347393280	9
33455	123341000	370024000	246682442	4
33653	27908000	41863000	34885358	4
33881	2887000	4331000	3608920	4
33885	2288000	3681000	2984786	4
33887	2560000	3842000	3201137	27
33888	2554000	3832000	3192866	6
33889	3087000	4631000	3858945	14
33898	3893000	11680000	7786420	4
33900	6826000	10240000	8532691	4
33903	6200000	12694000	9446868	7
33905	1843000	2765000	2303888	6
33910	8197000	12297000	10246864	7
33934	1883000	3450000	2666655	31
33936	2230000	5449000	3839138	7
33940	2820000	4231000	3525432	8
33941	2835000	4254000	3544332	9
33945	3334000	5546000	4440156	35
33959	1519000	2363000	1941384	46
33962	2016000	3025000	2520384	8
33964	1498000	2248000	1873097	27
33968	1083000	2935000	2008773	35
33970	1654000	2482000	2067800	19
33989	1164000	1748000	1456213	5
33990	1235000	1853000	1543880	5
33995	3191000	4787000	3988883	7
33996	3165000	4749000	3957269	4
34007	4369000	6554000	5461251	4
34021	604000	1815000	1209640	36
34038	3841000	7053000	5446950	13
34059	1871000	2808000	2339380	5
34062	2128000	3256000	2691770	17
34073	3474000	10425000	6949740	18
34085	1726000	2602000	2164087	77
34103	3609000	5415000	4511908	4
34105	1211000	2104000	1657474	25
34356	9879000	14820000	12349743	4
34373	41003000	123011000	82006883	11
34740	119041000	357125000	238082927	51
35319	6101	19000	12203	4
35554	2434000	5056000	3745223	5
35629	6281000	12196000	9238627	10
35703	3987000	6043000	5015088	67
35717	25417000	43794000	34605565	6
35725	24301000	72906000	48603526	10
35755	1896000	2845000	2370698	4
35760	1658000	2488000	2073032	4
35790	1021000	1533000	1277062	35
35792	1044000	1567000	1305112	6
35806	3484000	5228000	4356242	16
35814	2957000	4436000	3696547	83
35817	1284000	1928000	1606090	9
35818	1383000	2245000	1813822	25
35841	3054000	4582000	3818277	6
35884	224347000	658204000	441275799	4
36022	9784000	14677000	12230069	5
36080	27636000	41456000	34545933	4
36330	28058000	42089000	35073456	6
36427	14000	22000	17889	40
36630	25234000	37852000	31543319	5
36651	20323000	30486000	25404943	6
36745	5333000	8000000	6666445	7
36746	4727000	7092000	5909466	22
36808	2047000	3136000	2591616	23
36809	3756000	6423000	5089268	1822
36822	4186000	6281000	5233701	6
36841	3186000	4780000	3982686	5
36855	2634000	3952000	3292531	29
36874	1908000	2863000	2385717	6
36911	9557000	14337000	11946762	30
37081	924598000	1386898000	1155748109	4
37326	7137000	10706000	8921451	9
37329	5033000	7551000	6292402	41
37330	6191000	9287000	7738888	11
37332	6263000	9395000	7828971	20
37360	18967000	28452000	23709518	49
37372	1817000	3106000	2461501	13
37636	1850000	2776000	2312905	41
37637	1856000	2786000	2320839	7
37659	2328000	3493000	2910660	4
37662	9027000	16543000	12784682	5
37727	22645000	33969000	28307147	9
37734	2672000	4483000	3577399	74
37915	1918000	4561000	3239674	4
37919	6172000	11498000	8834939	13
37921	2317000	4185000	3251101	6
37923	1884000	2827000	2355726	15
37928	3399000	6120000	4759549	5
37929	2912000	4370000	3641218	4
37931	3692000	5540000	4616002	6
38170	15000	32000	23420	37
38289	1928000	2894000	2411135	23
38290	1931000	2898000	2414771	26
38293	3332000	5620000	4476142	52
38301	2156000	3236000	2696013	9
38304	1954000	2932000	2442859	6
38307	2808000	4213000	3510326	17
38308	2623000	3935000	3279005	4
38313	3874000	5813000	4843605	81
38323	1494000	2242000	1867744	29
38448	34612000	51919000	43265585	4
38525	10000	17000	13508	5
39152	1414000	2122000	1768263	23
39291	27070000	81213000	54141870	4
39412	28364000	42548000	35456005	5
39482	2465000	7398000	4931584	8
39483	1325000	2456000	1890621	10
39485	2403000	3663000	3033369	20
39486	2484000	4080000	3282046	36
39488	2743000	4288000	3515670	15
39490	2695000	4044000	3369708	10
39496	2199000	3299000	2748896	12
39645	5487000	8231000	6859090	6
39664	1665000	2499000	2081705	4
39691	4840000	7807000	6323229	4
39693	5490000	8237000	6863476	6
39708	162958000	488876000	325916947	21
39777	1657000	2487000	2071952	11
39778	1664000	2497000	2080655	8
39791	2276000	3415000	2845468	7
39803	3120	4680	3900	22
39804	3393	5090	4242	10
39962	3011000	4518000	3764337	4
40050	15000	24000	19524	213
40051	15000	24000	19179	171
40145	113975000	182249000	148112240	4
40151	1818439000	2997352000	2407895765	4
40199	33365000	50049000	41707458	6
40214	2655000	4469000	3561768	38
40215	2491000	4253000	3372053	65
40216	2539000	3810000	3174402	29
40262	32442000	48665000	40553707	7
40318	6191000	9287000	7738905	4
40324	2391000	7175000	4783127	918
40366	127209000	200836000	164022736	4
40381	12946000	38839000	25892030	4
40518	1796000	2695000	2245758	20
40520	2795000	4527000	3661211	51
40545	2307000	3462000	2884409	27
40559	33233000	49850000	41541377	35
40576	3363000	5525000	4444137	11
40997	20908000	31363000	26135786	6
40998	20993000	31491000	26242187	11
41058	32025000	48039000	40031924	5
41170	2585000	3878000	3231413	4
41202	3995000	5993000	4994130	6
41276	2676000	4015000	3345527	5
41734	46757000	89020000	67888183	7
41899	6361000	9542000	7951502	5
41977	4002000	6004000	5003236	5
41997	1311000	3934000	2622550	5
42062	110072000	174219000	142145336	6
42197	6505000	9758000	8131572	5
42229	123400000	370201000	246800503	5
42234	8465000	12699000	10582418	9
42322	1772000	3982000	2877062	4
42345	319738000	959217000	639477520	4
42354	2664000	3997000	3330830	4
42858	2181000	3272000	2726400	17
43049	15915000	47748000	31831680	9
43080	2113000	3170000	2641405	22
43179	1622237000	2999877000	2311057001	4
43263	2411000	7236000	4823390	11
43304	5418000	8128000	6773194	8
43305	3206000	4886000	4045793	4
43595	2608000	4014000	3310975	7
43654	3470000	6210000	4839946	4
43657	4241000	7883000	6062137	25
43658	4572000	6859000	5715014	11
43659	3096000	4687000	3891510	4
43662	4300000	6451000	5375735	16
43675	1710000	2860000	2284980	24
43687	1753000	2630000	2191532	6
43765	1988000	2984000	2486087	18
43767	3245000	7667000	5455982	232
43768	2289000	3434000	2861264	6
43769	2028000	3043000	2535183	12
43770	2256000	3385000	2820548	275
43771	1895000	2844000	2369219	11
43992	4137000	12413000	8274914	17
44008	1783000	2892000	2337314	48
44009	2223000	3336000	2779856	4
44250	5195000	7794000	6494637	8
44252	5760000	8642000	7201062	7
44271	24906000	38898000	31902111	4
44560	2196	3294	2745	12
44574	2826000	5090000	3957803	4
44577	2482000	4030000	3255798	8
44752	4341000	13026000	8683833	4
44930	2967000	4452000	3709389	4
44935	3479000	5220000	4349521	6
45065	2117000	3176000	2646406	6
45067	2327000	3492000	2909762	4
45071	3348000	5024000	4185834	4
45073	2895000	4343000	3618999	5
45130	28993000	43490000	36241382	7
45133	34583000	51875000	43228929	6
45151	22494000	46242000	34367924	11
45157	8902000	23580000	16240949	4
45357	10614000	15923000	13268395	4
45462	4196000	6296000	5246051	7
45634	1599000	2541000	2070102	34
45658	3912000	5869000	4890182	4
45668	3166000	4750000	3957646	5
45670	2032000	3050000	2541136	5
45972	1953000	3135000	2543801	26
46126	1857000	2787000	2322159	125
46127	1916000	2876000	2396147	31
46206	2258000	3608000	2932765	7
46224	2394000	4960000	3676944	39
46228	2256000	3385000	2820332	7
46256	1454000	2183000	1818703	7
46257	4765000	7160000	5962738	13
46503	3720000	5766000	4742890	62
46506	3268000	4903000	4085261	54
46541	1512000	2269000	1890427	7
46578	555423000	833136000	694279901	4
46634	13044000	39133000	26088352	7
46677	4394000	6592000	5493167	5
46678	5014000	7523000	6268579	5
46679	4667000	7002000	5834313	4
46680	4885000	8517000	6700970	12
46867	2306000	3461000	2883701	5
47312	3788000	5683000	4735197	5
47466	670000	2013000	1341425	22
47500	5017000	7527000	6272075	7
47678	4181000	6559000	5369600	60
47715	2360000	3542000	2950875	199
47716	6664000	9997000	8330356	4
47735	1922000	2884000	2402510	7
47763	6519000	10850000	8684422	8
47770	1412000	2858000	2134855	147
47845	3252000	4879000	4065582	8
47850	5890000	8836000	7362844	7
47877	4908000	7364000	6136056	85
47878	5363000	8046000	6704783	10
47879	4902000	7354000	6128127	13
47880	4173000	6268000	5220485	70
47883	5414000	8123000	6768492	17
47884	3943000	5915000	4929046	4
47885	4043000	6065000	5053864	16
47886	3592000	7300000	5446167	6
47917	4450000	7029000	5739774	47
47951	3983000	5975000	4978836	83
48003	762000	1144000	953288	15
48296	3194000	4792000	3992784	473
48490	35031000	52548000	43789321	8
48664	2940000	5365000	4152511	64
49283	5229000	7845000	6537383	7
49338	4257000	6387000	5322023	8
50338	5941000	8913000	7426749	4
50340	5253000	7880000	6566664	6
50719	4088000	6134000	5111114	22
50960	1950000	2927000	2438662	5
51101	4304000	6457000	5380652	6
51173	2036000	3969000	3002246	4
51203	1524000	2288000	1906118	4
51288	2685000	8057000	5371308	11
51338	1636722000	3642157000	2639439459	4
51453	27457000	41187000	34322196	11
51541	3824000	11473000	7648185	12
51589	3117000	4677000	3896891	5
51655	170085000	510257000	340170855	6
51663	1605000	2795000	2199921	12
51665	1601000	2403000	2001835	8
51669	1941000	2913000	2426739	28
52133	2779000	4170000	3474786	11
52242	1264000	2776000	2020091	9
52442	2621000	3933000	3277442	4
52584	2096000	3146000	2620958	20
52586	33406000	66592000	49999099	6
52689	3392000	5089000	4240365	4
52767	2284000	3427000	2855055	4
52904	433221000	649833000	541526669	5
53260	2196	3295	2746	12
53344	2061000	3092000	2576275	24
53345	2422000	3635000	3028540	122
53346	2590000	4086000	3337871	48
53374	1985000	2979000	2482491	4
53407	5584000	9763000	7673866	6
53408	5729000	8594000	7161621	9
53409	4538000	6809000	5673690	77
53413	3846000	6160000	5002925	19
53437	4681000	7022000	5851383	4
53442	3489000	5234000	4361267	6
53444	1139000	1709000	1423897	11
53446	3668000	11006000	7336801	4
53485	28308000	67654000	47981116	17
53985	57434000	100135000	78784409	13
54005	1098000	2645000	1871565	9
54121	2264000	3397000	2830667	15
54289	2946	4419	3683	5
54291	4605000	6938000	5771222	119
54571	6506000	9760000	8132726	12
54736	3696000	5545000	4620176	93
54913	4970000	7456000	6212749	5
54915	5564000	8347000	6955452	4
55169	34747000	56036000	45391694	6
55194	6917000	20753000	13835083	9
55197	2860000	4291000	3575459	5
55208	4021000	6033000	5026926	4
55211	4056000	6085000	5070450	9
55212	4230000	6346000	5287590	7
55218	2435000	6773000	4603984	9
55363	311924000	935773000	623848598	4
55601	2096000	6289000	4192596	130
56192	3510000	5266000	4387987	7
56448	3957000	5936000	4946272	143
56454	4200000	6302000	5250904	33
56458	3918000	5879000	4898376	7
56459	3927000	5892000	4909597	104
56460	4242000	6365000	5303523	16
56689	3089000	9270000	6179934	9
56812	3856000	5786000	4820943	4
56877	1408000	2114000	1761233	10
56878	1287000	1932000	1609852	6
57037	2472000	3710000	3090860	7
57043	2545000	3934000	3239725	9
57482	9572	15000	11966	9
57676	5784000	8678000	7230965	4
57704	3913000	5871000	4891805	8
57705	2659000	3990000	3324508	4
57706	3538000	6685000	5111390	106
57732	2048000	3073000	2560363	7
57975	5344000	8017000	6680427	56
58117	4372000	13117000	8744385	6
58169	4066000	6284000	5175299	4
58291	13545000	40636000	27090292	14
58343	5068000	15000000	10136581	4
59310	1650000	2621000	2135578	8
59479	1649555000	2474333000	2061944046	4
59509	120000	181000	150496	30
59586	34126000	51190000	42657670	43
59729	845920000	1295762000	1070841195	8
59737	2704000	4058000	3381056	6
59799	11013000	33042000	22027726	4
59813	4538000	6809000	5673594	4
59814	3802000	5901000	4851469	23
59816	4568	6853	5711	1
59817	6363	9544	7954	4
59843	4772000	8296000	6533851	6
59893	4874000	7312000	6093195	9
60137	2841000	4262000	3551353	5
60169	25997000	38997000	32496773	4
60520	1651000	4955000	3302862	12
60549	7023000	10535000	8779102	8
60550	6387000	9581000	7983923	14
60552	5193000	8566000	6879800	108
60847	2106000	5783000	3944467	5
60890	3632000	5450000	4541013	10
61015	2209000	3315000	2761755	22
61235	32206000	48310000	40257718	4
61284	34191000	51288000	42739862	4
61435	1116000	1675000	1395502	33
61476	453938000	1361816000	907876966	4
61645	3772000	5929000	4850541	169
61646	3658000	5488000	4572787	13
61647	4410000	6616000	5512591	22
61648	4053000	7889000	5971367	22
61651	4185000	6278000	5231307	4
61652	3990000	5987000	4988571	12
62079	2770	8311	5541	4
62088	829000	1777000	1302700	16
62322	4200000	6301000	5250121	14
63436	344326000	625063000	484694486	5
63577	29005000	43509000	36257228	4
64104	4530000	6797000	5663678	112
64320	8645	13000	10807	5
64363	15142000	45428000	30284678	19
64495	21582000	64747000	43164390	47
64518	29752000	44629000	37190716	8
65058	2007000	3012000	2509724	40
65357	25030000	41145000	33087500	8
65489	195331000	389790000	292560727	4
65612	841000	2524000	1682508	23
65958	1866000	5601000	3733420	6
65959	2435000	3653000	3044158	8
66219	3769000	5654000	4711589	4
66269	3828000	5743000	4785464	30
66370	4832000	14497000	9664207	4
66428	6435000	9654000	8044912	4
66851	1682000	2525000	2103692	4
66948	8423000	12635000	10529110	6
67258	6100000	9151000	7625195	5
67260	4966000	9981000	7473163	5
67294	5898000	9802000	7849962	4
67304	7688000	11534000	9611064	6
67351	6433000	9651000	8042460	12
67581	6526000	9791000	8158415	4
67780	2965000	4449000	3707445	11
67824	3986000	6632000	5308998	23
67825	4196000	6296000	5246057	8
67826	3838000	5758000	4797751	9
67827	3929000	6234000	5081435	30
67855	2021000	3033000	2526693	4
68170	8359000	12540000	10449723	4
68186	5921000	8883000	7401911	4
68202	6466000	9701000	8083644	4
68239	8087000	14482000	11284788	5
68270	8140000	12314000	10226866	4
68570	6415000	12330000	9372401	7
68886	4629000	13890000	9259684	4
68892	1379000	2336000	1857230	11
68895	6737000	10106000	8421483	5
69181	123423000	370270000	246846317	4
69218	3905000	5859000	4882032	16
69220	3804000	5707000	4755591	4
69293	345558000	518546000	432052078	6
69373	2483000	5256000	3869504	5
69395	2716000	8151000	5433566	5
69781	24490000	36736000	30613124	7
69824	2360000	3541000	2950774	4
69966	1756000	2635000	2195272	47
70255	2148000	3223000	2685087	10
70346	2098000	4726000	3411875	6
70448	7379000	22138000	14758467	7
70611	2441000	3663000	3052492	16
70775	4544000	7069000	5806309	19
70799	4281000	6422000	5351435	4
71237	2068000	3104000	2585958	18
71451	3667000	5502000	4584308	6
71452	3369000	5055000	4211901	6
71657	3078000	4618000	3848106	6
71999	2275000	3413000	2843823	13
72000	2085000	3315000	2699706	22
72026	1418000	2129000	1773544	4
72036	439040000	891219000	665129626	5
72149	6519	9951	8235	8
72228	51529000	154588000	103058277	4
72360	3171000	4758000	3964405	6
72361	3155000	4733000	3944079	6
72520	20155000	37306000	28730507	4
72556	5057000	7587000	6322189	7
72557	5165000	7749000	6456955	15
74316	2630000	3947000	3288596	5
74329	1698000	5095000	3396177	4
74426	1708000	2790000	2248940	69
74706	1234000	3703000	2468622	35
74722	29196000	43795000	36495090	4
74790	21456000	32185000	26820018	8
74829	3489000	5234000	4361407	11
75105	7230000	10846000	9037972	8
75588	4990000	7487000	6238666	4
75612	5478000	8218000	6848178	11
75658	1275000	1913000	1593985	31
75736	7611000	11418000	9514252	4
75985	2089000	3135000	2611675	191
76594	3583000	5538000	4560540	7
76758	4774000	7162000	5967568	10
76759	3736000	7929000	5832492	34
76760	4787000	7181000	5983759	13
76761	5488000	8671000	7079983	23
76773	7150000	10727000	8938614	5
76775	3629000	10889000	7259217	5
76777	6183000	9275000	7729037	9
76832	3232000	4850000	4041097	11
76860	1530000	2296000	1913062	21
77022	2715000	4908000	3811904	26
77095	2709000	4065000	3387470	6
77298	5250000	7876000	6562829	6
77635	2222000	3334000	2777677	4
77856	1596	2394	1995	419
78258	1512000	2270000	1891185	4
78327	4554000	6970000	5762332	14
78331	3515000	5274000	4394918	15
78342	1603000	2406000	2004594	4
78343	1733000	2600000	2166267	4
78345	1628000	2925000	2276555	4
78346	1792000	2689000	2240068	4
78398	4049000	6074000	5061349	17
78448	1682000	2560000	2120601	14
78544	5268000	7903000	6585096	8
78633	207809000	431356000	319582365	4
78898	32262000	48394000	40327758	4
79327	346497000	1039494000	692995953	4
79329	3366000	10099000	6732602	6
79588	17208000	44450000	30829093	4
79880	3437000	5157000	4297130	30
79883	3402000	5104000	4252532	4
80600	28031000	42048000	35039901	7
80842	4583000	6876000	5729478	8
80854	4102000	6154000	5127966	12
80866	5347000	8022000	6684930	16
80867	2108000	6326000	4216890	17
80869	4165000	6259000	5211900	10
81408	3050000	4576000	3812649	4
81569	2540000	6261000	4400531	18
81858	4244000	6367000	5305458	6
81947	1601000	2403000	2001870	6
81970	83595000	250787000	167191032	5
82135	1159000	1740000	1449419	6
82367	2920000	5899000	4409379	9
82380	3115000	4674000	3894869	9
82541	4462000	6695000	5578743	9
82633	5069000	8584000	6826799	5
82676	6292	9439	7866	4
82977	3733000	5873000	4802538	4
82981	3382000	5074000	4227602	4
82983	4009000	6015000	5011796	5
82985	3230000	4847000	4038704	5
82995	4078000	6118000	5097972	4
82996	4354000	6532000	5442880	27
83186	46183000	77832000	62007477	4
83219	3227000	4842000	4034552	87
83262	4546000	6820000	5682787	17
83263	4378000	8320000	6348880	4
83462	8402000	12604000	10502867	13
83526	2193000	3291000	2741839	8
83552	2403000	3605000	3004123	4
83554	941000	1413000	1177015	60
83555	578000	1737000	1157797	49
83558	982000	1475000	1228576	13
83559	873000	1311000	1092256	34
83560	858000	1288000	1072952	29
83655	3887000	6003000	4944997	31
83656	6410000	9616000	8012773	6
83683	1280000	1922000	1601193	7
83771	1791000	4020000	2905841	6
84023	3481000	5223000	4352205	5
84024	2874000	4313000	3593577	4
84025	1676000	3397000	2536632	4
84030	1847000	5544000	3695361	6
84032	3672000	5509000	4590738	4
84096	4038000	6058000	5048240	4
84112	2772000	4159000	3465489	56
84135	1436000	2156000	1795903	6
84531	4475000	6817000	5646243	4
84595	4944000	7417000	6180512	7
85336	2146000	3221000	2683508	4
85402	1856000	2786000	2321045	6
85404	1763000	2646000	2204450	7
85692	8476970000	12715457000	10596213391	4
85693	4801000	7203000	6001708	5
85698	5163000	7876000	6519271	89
85701	1309000	3115000	2212063	7
85708	1413	2120	1767	2423
85831	2949000	7327000	5137552	12
85982	30371000	47015000	38693135	5
85991	884000	1327000	1105384	12
86102	2147000	3222000	2684812	5
86185	3772000	6204000	4987543	40
86265	5270000	7906000	6587919	6
86664	3159000	4740000	3949664	13
86840	4831000	7248000	6039390	10
87541	1319000	1980000	1649651	4
87883	3218000	9655000	6436222	261
88431	1583000	4752000	3167565	50
88456	35397000	53097000	44247389	37
89014	3111000	4668000	3889959	6
89053	3960000	5942000	4951163	4
89059	1786000	2842000	2313671	4
89061	1577000	2367000	1971958	4
89153	3041000	4563000	3802096	5
89462	2141742000	3212614000	2677178324	5
89488	20912000	31370000	26141108	4
90239	1653000	2480000	2066626	4
90244	2268000	3403000	2835675	4
90245	1958000	3042000	2499738	11
91492	25810000	38717000	32263507	6
91844	238000	477000	357461	11
91915	2645000	3969000	3306935	5
91928	26128000	39193000	32660053	10
91943	24359000	73080000	48719850	15
92644	8595000	12894000	10744231	5
92647	6895000	10343000	8618907	12
92942	7210000	10816000	9012724	16
92945	2621000	3932000	3276390	5
93064	3864000	5797000	4830159	76
93218	4487000	6732000	5609637	21
93220	4311000	6468000	5389547	10
93222	4765000	7148000	5956418	5
93378	3051000	4578000	3814381	4
94138	2135000	3204000	2669708	4
94610	22985000	64196000	43590407	35
94624	2606000	7481000	5043350	5
94625	3775000	5701000	4737793	22
94626	3479000	6572000	5025724	5
94869	3305000	4959000	4132257	5
95342	5956	8934	7445	10
95485	6281000	10730000	8505441	9
95486	3954000	11865000	7909437	398
96241	3236000	4855000	4045538	11
96344	4129000	9866000	6997422	6
96345	2191000	3288000	2739339	152
97478	1355000	2864000	2109524	14
98668	5496000	8245000	6870320	4
99653	6301000	14117000	10208989	4
100053	3249000	4875000	4061826	6
100217	100000	152000	125883	19
100755	2263	3394	2829	15
100816	28137000	42207000	35171820	4
100884	2771000	4788000	3779290	8
100886	1848000	3014000	2431065	4
100951	12677000	28534000	20605809	5
101028	29556000	44335000	36945160	4
101201	29967000	44951000	37459153	6
101480	17615000	26424000	22019940	5
101571	6022000	9035000	7528485	309
101932	4157000	12472000	8314386	23
102148	1409000	2588000	1998704	4
102684	1479000	2220000	1849522	11
102862	3059000	4590000	3824497	6
103232	8542000	12814000	10677810	4
103621	2091000	3137000	2614023	5
103816	4003000	7178000	5590512	11
103855	3919000	5879000	4898844	26
104087	4794000	8255000	6524485	15
104099	2408000	3613000	3010195	4
104101	2688000	4034000	3361018	4
104102	2997000	4497000	3746694	11
104268	2686000	4031000	3358580	5
104336	2874000	4313000	3593462	4
104628	1310000	1966000	1638326	34
104782	102699000	308098000	205398173	4
105219	3880000	5821000	4850535	10
105612	1338000	2009000	1673442	4
105841	2837000	4256000	3546507	6
106370	4210000	6316000	5262682	4
106588	1536000	4611000	3073978	4
106590	4190000	10642000	7415967	15
106592	4897000	9582000	7239451	17
106648	3772000	5659000	4715080	50
106649	3874000	5812000	4842783	9
106654	3154000	4732000	3943296	157
106966	5912	8869	7391	11
107401	2676000	4015000	3345031	25
108015	6446000	9670000	8058006	8
108098	28000	43000	35232	405
108980	2751000	4240000	3495513	49
108981	2610000	3917000	3263378	12
109328	2284000	3427000	2855727	4
109790	1244000	2052000	1648234	43
109975	4793000	11265000	8028605	6
110321	5364000	8047000	6705565	48
110505	3928000	5894000	4911148	4
111105	1884000	2828000	2356049	12
111504	1440000	2161000	1800483	5
112090	26732000	80197000	53464605	13
112904	2444000	3667000	3055159	5
113107	1591000	2387000	1988892	12
113366	153000	231000	191718	5
113540	589570000	884356000	736963138	5
114155	30761000	46143000	38452111	4
114186	135000	204000	169982	10
114524	4037000	12114000	8075925	18
114742	21561000	64684000	43122136	12
114977	4177000	6266000	5221451	4
115357	225148000	675447000	450297937	6
116085	2794000	4192000	3492749	6
117187	33775000	50664000	42219296	5
117680	3492000	10479000	6985870	8
117681	5972000	8960000	7466226	30
118140	5611	8416	7014	14
118562	4303000	7457000	5879642	8
119206	1680000	2522000	2101065	11
119219	5530000	8297000	6913352	13
119858	3760000	5641000	4700172	10
119927	27466000	41201000	34333581	8
119981	2405000	3608000	3006414	4
120017	14670000	36431000	25550293	4
120168	2192	3289	2741	6
120213	2941000	4756000	3848592	7
120576	2661000	3993000	3327232	6
120577	2625000	3939000	3282220	9
120957	5264000	10643000	7953523	5
120959	4666000	7000000	5832568	7
121719	4143000	6918000	5530656	7
121759	23451000	35177000	29314059	4
121791	14000	22000	18246	14
122355	4233000	6350000	5291596	8
123822	1850000	2776000	2313223	4
123841	1298000	1948000	1622996	5
123899	3528000	5294000	4410991	14
125945	88480000	265441000	176960164	4
126385	3238000	4858000	4047541	29
128780	3143000	4715000	3929091	6
128785	3162000	4745000	3953654	4
129338	2807000	4376000	3591490	6
129355	28320000	69689000	49004543	5
129364	62209000	93315000	77761924	5
129817	4792000	7189000	5990368	6
129875	27000	41000	33776	9
129921	7392000	11089000	9240616	4
129950	27000	42000	34446	4
129951	28000	44000	35923	128
130049	5144000	7717000	6430315	8
130081	10796000	17285000	14040544	10
130308	28000	44000	35962	79
130309	27000	41000	34138	39
130310	28000	43000	35100	218
130328	26000	40000	33213	9
130369	27000	41000	34094	5
130453	712061000	1339519000	1025789630	4
131109	2518000	3778000	3147500	4
131111	1583000	2375000	1979164	4
132144	837000	2512000	1674039	4
132476	5160000	7741000	6450472	8
133448	3902000	6045000	4973947	16
133704	1407	2110	1759	64
133926	1583000	2941000	2261900	8
134533	1713000	4043000	2878042	5
134534	3445000	5169000	4307248	6
134536	5874000	8813000	7343472	6
134537	7123000	10686000	8904778	10
134601	5755000	8634000	7194239	7
134821	552000	919000	735313	14
135487	5108000	7663000	6385560	35
135577	2271000	3408000	2839759	5
135735	4255000	6383000	5318960	9
136468	4534000	6802000	5668164	88
137545	3927000	6659000	5292949	5
137591	1966000	2950000	2457678	47
137779	4347000	6521000	5434029	4
137838	3560000	5757000	4658596	9
138072	1061000	3184000	2122302	17
138074	1284000	3855000	2569435	11
138336	3411000	5645000	4528307	4
138563	1447000	2171000	1809021	5
138948	5923	8884	7404	22
138949	5936	8904	7420	60
138950	5951	8926	7439	46
139208	1683000	4956000	3319644	4
140626	2085000	3129000	2607232	5
141904	3772	12000	7545	6
145458	1856000	2785000	2320633	40
145522	22111000	33168000	27639860	7
146017	5252000	7879000	6565366	4
146032	1456	2185	1821	69
146474	2327000	3492000	2909527	6
146476	2368000	3553000	2960230	5
146819	7343000	13657000	10499951	5
146919	3052000	4579000	3815602	127
146922	6862000	10294000	8577566	5
147207	941000	2826000	1883713	9
147645	3735000	5603000	4668852	7
147711	5707	8560	7134	78
147712	5771	8656	7214	30
147802	1039000	1582000	1310250	31
148305	32141000	54835000	43487971	8
148604	1647000	2472000	2059178	4
148814	1241000	1863000	1552275	26
150055	1482000	2225000	1853606	45
150056	2014000	3022000	2517816	10
150123	3412000	5120000	4265930	4
151081	3279000	4920000	4099316	14
152268	4214000	6605000	5409577	4
152331	2091000	3138000	2614836	28
152332	2015000	3024000	2519554	4
152480	5982000	8974000	7478023	82
152500	5119000	7679000	6399081	12
152682	3238000	4858000	4047966	9
153151	2658000	3988000	3323060	5
153496	2615000	3923000	3269041	4
154046	3484000	10455000	6969461	23
154288	2426000	3641000	3033551	243
155077	3661000	5492000	4576568	4
155194	1307000	1962000	1634591	4
155322	4743000	7115000	5928802	238
155866	1327000	1991000	1658775	5
155892	2520000	5727000	4123726	9
156630	27032000	40549000	33790530	6
156980	2929000	4395000	3662335	5
156981	2070000	6213000	4141348	8
157268	1317000	1976000	1646584	8
157687	1888000	2834000	2361227	7
157782	3858000	5789000	4823531	9
158080	2928000	4393000	3660741	5
158484	3891000	5838000	4864675	4
158627	4676000	7015000	5845484	5
158787	2515000	3773000	3143954	5
158822	3851000	6080000	4965436	5
158836	3973000	5961000	4966856	2093
158847	1602000	2876000	2239012	6
158849	2659000	3990000	3324506	4
158850	3116000	4676000	3896203	9
158877	3905000	5859000	4882482	10
159743	3041000	9126000	6083395	5
160386	2461000	3693000	3077012	4
160404	1301000	3905000	2602751	7
160453	3306000	4960000	4133234	4
160699	4097000	6147000	5122453	4
160791	3964000	7580000	5772066	4
160808	1632000	4897000	3264018	8
161398	3778000	5669000	4723489	8
161879	2010000	3016000	2513126	8
161934	245580000	736742000	491161276	11
162145	10000	17000	13335	5
162425	24387000	36581000	30483837	4
162426	2407000	4572000	3489290	8
163011	5212000	7819000	6515738	6
163665	3161000	4742000	3951265	5
164328	20478000	61436000	40957193	24
164514	490000	736000	612964	11
164546	5381000	8072000	6726359	42
165096	1102000	1921000	1511713	5
165179	2668000	4661000	3664190	111
165848	94516000	283550000	189032709	59
166486	3448000	5173000	4310506	16
168469	5338000	8009000	6673402	4
168471	2609000	3915000	3262298	5
168695	4191000	6287000	5239114	11
168697	4580000	6871000	5725305	48
168935	3718000	5579000	4648643	4
169292	2184000	3278000	2731071	32
169430	8948000	13423000	11185673	10
169435	2438000	4704000	3570759	16
169669	5076000	7616000	6345885	4
169679	4005000	6008000	5006580	64
170573	1977000	2967000	2472221	20
170623	3949000	5924000	4936268	5
170651	4219000	6330000	5274178	6
170673	3770000	5656000	4712607	15
170679	4309000	6465000	5386864	6
171383	3790000	5686000	4737840	4
171693	2940000	4411000	3675175	4
172042	2095000	3143000	2618761	6
172045	3430000	5146000	4287791	22
172278	2210	3315	2763	5
173365	3509000	5821000	4665210	5
174685	1839000	2760000	2299658	4
175628	3482000	5224000	4352963	12
176102	3610000	5417000	4513688	4
176275	28017000	42026000	35021612	15
176292	1656000	2486000	2071032	4
178001	1656000	2485000	2070488	4
178214	1521000	2283000	1901777	4
178606	1924000	2888000	2405882	7
178901	2321000	4706000	3513430	7
179636	3842000	5764000	4802873	6
179879	5241000	9990000	7615746	30
180088	31680000	47521000	39600252	4
180164	1835000	5506000	3670360	8
180170	89000	135000	112047	20
180282	5036000	8242000	6639232	7
180332	5761000	8643000	7202111	4
180498	212217000	319232000	265724573	4
180588	2515000	3774000	3144841	4
180957	3867000	5802000	4834460	88
181343	28901000	43352000	36126572	7
181667	6586	9879	8233	5
181675	1363000	2045000	1703925	4
182337	4195000	6293000	5244020	5
182845	55839000	83759000	69798940	8
183417	3100000	4652000	3875927	5
183795	5037000	7556000	6296596	8
184870	1614000	2516000	2064920	4
185007	2380000	4255000	3317326	4
185008	2711000	4067000	3388930	4
185793	2189	3284	2737	7
186540	15000	22000	18875	1
186541	15000	22000	18935	1
186805	120000	181000	150270	12
187304	5091000	7782000	6436579	7
187327	1808000	2714000	2261244	4
187452	1571000	2358000	1964414	4
188144	4388000	6583000	5485692	17
188932	4964000	7447000	6205710	7
189381	3482000	5224000	4353034	10
189382	3510000	5561000	4535833	8
189426	5567000	8351000	6958935	33
189691	6233000	9351000	7791721	6
190061	35000	53000	43804	10
190062	36000	55000	45771	4
190063	34000	53000	43723	51
190064	34000	53000	43719	27
190065	35000	53000	43827	26
190721	4897000	7347000	6121755	11
190893	4483000	6726000	5604828	30
190895	4290000	6437000	5363468	14
191292	5147000	7721000	6433862	7
191390	5008000	7513000	6260378	6
191391	5452000	8180000	6815921	4
191770	1922000	3043000	2482538	5
192421	2612000	3920000	3266182	4
192812	2243000	3660000	2951563	5
193462	6564000	9847000	8205019	4
194440	7226	11000	9033	4
194441	7165	11000	8957	9
194963	5362000	8044000	6702527	6
195088	3261000	4893000	4076870	4
195105	3300000	4951000	4125358	4
196024	2393000	7180000	4786349	47
196064	23913000	71742000	47827394	9
196093	2192	3288	2740	4
196367	4520000	13561000	9040390	8
197575	1540000	2311000	1925603	5
197614	1727000	2592000	2159802	11
198068	25000	77000	50841	4
198252	547000	1644000	1095568	24
198618	5356000	8035000	6695739	8
198620	4880000	7321000	6100607	23
199306	19479000	31862000	25670559	10
199591	2388000	3583000	2985081	5
199592	2778000	4168000	3473155	6
200450	4313000	6956000	5634567	5
200451	4438000	7554000	5996364	11
200452	4558000	6839000	5698429	11
202611	2912000	6114000	4512819	4
202950	2877000	4317000	3596934	12
202951	2558000	4212000	3384519	6
202954	2721000	4865000	3793054	6
202956	2249000	3488000	2868134	13
204038	3860000	5791000	4825596	13
204039	3875000	5814000	4844463	50
204042	3726000	5590000	4657784	14
204516	3296000	5201000	4248541	14
204799	3613000	5420000	4516452	5
205686	33923000	50886000	42404630	8
206506	3171000	4757000	3964094	4
207340	3941000	5913000	4927322	4
208223	3423000	6191000	4807035	7
208224	2942000	6982000	4961697	127
208348	51021000	139218000	95119761	17
208479	5170000	7756000	6463044	22
208602	6141000	9213000	7677286	5
208962	3875000	5814000	4844297	284
211146	3909000	5864000	4886648	4
212035	882000	1481000	1181549	7
212663	4407000	6611000	5509043	23
213419	2842000	4264000	3553219	5
214473	2311000	3468000	2889681	18
214853	1669000	2900000	2284603	5
214856	2801000	4203000	3502373	7
215221	2954000	4432000	3693173	5
215358	518298000	889271000	703784309	6
215580	3077000	4617000	3846812	4
216778	2134000	6403000	4268161	15
216816	1923000	2885000	2403832	842
217203	5140000	7711000	6425783	7
217204	5177000	7767000	6472476	15
218284	3678000	5518000	4597807	7
219572	5098000	7648000	6372888	4
219574	5080000	7621000	6350040	11
220608	2207	3310	2759	5
220697	3804000	5707000	4755343	9
220812	1097	1646	1372	6
220932	2212	3319	2766	5
221126	3764000	5647000	4705407	4
221167	37416000	81168000	59292093	9
221822	3397000	5163000	4280038	24
222456	2195	3292	2744	5
222459	2211	3316	2764	9
223252	2191	3286	2739	6
223919	4686000	7030000	5857971	4
223967	3612000	8086000	5848997	5
225991	3075000	4614000	3844207	4
225992	2634000	4387000	3510398	7
226665	1023000	1536000	1279369	5
227866	3163000	4746000	3954476	4
227945	1734000	2602000	2168059	4
228229	1364000	2048000	1706154	4
229007	1917000	5754000	3835693	4
229634	2193	3290	2742	5
229636	2188	3282	2735	4
230603	5877000	17633000	11754872	24
231049	2054000	3603000	2828708	10
231455	3641000	5959000	4800211	4
231936	86591000	129887000	108238750	4
232082	40121000	60183000	50152336	5
233316	3763000	5645000	4704030	4
237258	2198000	3298000	2747749	4
237609	4642000	6965000	5803521	4
237610	4244000	6367000	5305139	24
237895	7243000	10866000	9054257	14
238834	3361000	6571000	4965693	7
239935	2148000	3449000	2798160	215
240427	2808000	4213000	3510481	5
240865	2210	3315	2763	15
242606	3715000	5574000	4644245	4
244366	3003000	8322000	5662290	469
244518	343875000	1031628000	687751628	5
244566	4863000	7296000	6079373	16
245174	7636000	11455000	9545103	22
246167	4183000	6654000	5418467	168
246432	2235000	3354000	2794799	48
246787	5586000	8380000	6982703	32
249248	93371000	249585000	171477875	4
251699	4837000	7257000	6046972	7
251701	5007000	7512000	6259449	75
251747	3819000	5730000	4774174	7
252970	5984000	8977000	7480749	4
253239	2407000	3612000	3009512	5
254758	3153000	4731000	3942442	13
254785	1599000	2399000	1998772	20
255045	6623000	9936000	8279565	17
255507	1787000	2681000	2233768	6
255519	3833000	5751000	4792472	4
256466	3362000	8740000	6050766	4
256701	3071000	4608000	3839577	4
257438	2753000	4131000	3441823	8
257708	2894000	6882000	4887855	4
257758	1743000	2616000	2179576	111
258505	4175000	8806000	6490241	4
260554	3311000	4968000	4139921	29
260714	1172000	1759000	1465144	4
261299	2383000	3576000	2979207	5
262209	2784000	4178000	3481073	15
263511	3243000	8528000	5885431	6
263819	3499000	5250000	4374668	10
264251	2259000	6778000	4518266	4
264483	15280000	22921000	19100394	4
264691	5396000	8622000	7009083	13
264951	24293000	36440000	30366579	5
265294	85000	128000	106380	21
265606	5719000	8580000	7149689	5
265726	3657000	5487000	4572146	5
265959	2998000	4498000	3748084	4
266809	2820000	4231000	3525449	4
267128	2284000	6459000	4371458	4
267135	2895000	4778000	3836141	9
267212	1933000	2901000	2417078	4
267363	2175000	3263000	2718994	4
267818	1804000	2707000	2255614	8
269673	2614000	3922000	3268069	6
270146	2224	3336	2780	4
270256	3812	5718	4765	4
270918	3022000	4534000	3777928	4
271420	2692000	6573000	4632647	8
271881	2516000	3776000	3145953	9
273350	9896	15000	12370	4
273371	9866000	16134000	13000155	4
273384	3302000	4954000	4127921	29
273677	2380000	3571000	2975004	8
273678	2919000	4380000	3649755	5
279058	3417000	6684000	5050208	4
279813	3240000	4862000	4050909	5
279826	4658000	6988000	5823324	4
280145	3144000	4799000	3971446	11
280147	3125000	4689000	3907483	4
280332	6958000	10438000	8697822	4
281068	29368000	44054000	36711005	5
282267	29165000	43749000	36457434	4
282268	29740000	44612000	37176029	5
282269	29338000	44008000	36672670	4
282272	29411000	44118000	36764507	4
283686	4478000	6719000	5598593	13
283734	2109000	3164000	2636405	1862
285458	5621000	12416000	9018469	5
285562	6516000	9776000	8146156	5
285676	5649000	8475000	7061980	6
288795	16685000	36868000	26776251	23
289078	23260000	34892000	29076056	4
289389	209000	630000	419638	5
290055	1722000	5168000	3444893	9
290335	2114000	3172000	2642861	7
291644	4540000	6812000	5676011	49
291645	4542000	6815000	5678398	9
292029	112000	170000	141018	15
292800	2472000	6194000	4333121	37
293050	3207000	4812000	4009396	4
293386	2960000	4441000	3700415	11
293387	2993000	4490000	3741331	76
293939	24806000	37211000	31008336	12
293958	5841000	8763000	7302385	8
297244	3046000	5998000	4522135	4
298333	13000	40000	26115	11
299583	1489000	2235000	1862430	53
299767	3913000	5871000	4892375	71
300019	2635000	3953000	3293760	4
300028	3059000	6485000	4772018	5
300181	4118000	6178000	5147867	81
300876	4370000	6556000	5462984	4
301301	2873000	4311000	3592125	6
301302	2859000	4289000	3574160	11
303541	1345000	2019000	1682348	6
304207	2284000	3987000	3135367	8
305977	3364000	5047000	4205291	4
306025	1077	1616	1347	4
306554	40300000	60452000	50375841	6
307251	5289000	8314000	6801396	5
307658	144878000	374675000	259776323	4
308354	2044000	3067000	2555289	9
310297	2927000	5139000	4032524	23
310298	2644000	5064000	3853922	5
310300	2760000	4141000	3450451	22
310910	37352000	56030000	46691031	5
311180	4299000	7986000	6142821	4
311410	5330000	8432000	6880949	4
312026	6837000	10256000	8546255	4
312279	703000	2110000	1406396	6
312306	3231000	8344000	5787563	6
314275	3579000	5558000	4568554	16
314344	2244000	3368000	2805980	4
314722	2668000	4179000	3423555	6
315347	567570000	851356000	709462965	19
315405	1763000	2806000	2284712	28
316997	3322000	4984000	4152877	4
317577	2405000	5759000	4081935	4
317735	2830000	4246000	3538145	4
318456	4045000	6069000	5057490	24
318683	2695000	4044000	3369297	5
318829	28368000	49851000	39109702	309
319939	4772000	7159000	5965328	18
320912	3604000	5407000	4505700	5
321318	2680000	4500000	3590175	5
321662	4877000	7316000	6096453	12
321846	4924000	7388000	6156011	14
321895	6406000	9611000	8008696	5
322505	1892000	2839000	2365354	4
322509	1985000	4588000	3286101	4
324685	1594	2391	1993	114
324767	3803000	6200000	5001688	5
324768	3907000	5862000	4884996	5
325452	28060000	48253000	38156499	12
326522	1827000	2741000	2283939	5
327160	4027000	6042000	5034285	4
328812	5210000	8312000	6761441	25
328813	2827000	4241000	3534070	280
328814	2701000	4114000	3407464	10
329852	2827	4240	3534	13
329853	2766	4149	3458	5
329854	4784000	7277000	6030598	27
332186	3856000	5786000	4821237	15
332411	3565000	5349000	4456915	5
333754	6315	9472	7894	6
333757	6376	9564	7970	4
333767	6442	9663	8053	12
333924	5917	8876	7397	25
333926	5846	8769	7308	5
333962	3410000	5116000	4262912	5
334207	6034	9051	7543	4
334542	5380000	8072000	6726107	17
336203	3237000	6774000	5005133	4
336810	135000	406000	270602	35
336988	1470000	2206000	1838036	5
337039	6307	9460	7884	10
337041	6323	9484	7904	7
337042	6280	9420	7850	8
337044	6264	9397	7831	4
337050	6278	9417	7848	4
337051	6128	9192	7660	24
337052	6362	9543	7953	6
337243	1784000	5353000	3568392	10
338188	3130000	7068000	5099373	24
339268	4501000	6753000	5626671	20
340320	2894000	4342000	3617631	4
340414	27047000	40571000	33809044	4
342113	5707000	8562000	7134987	11
342409	235000	354000	294261	13
342942	2271000	4931000	3600961	5
343517	3833000	5751000	4792012	4
343874	2696000	4691000	3693344	6
344589	46601000	139806000	93203356	4
345309	3729000	5595000	4661714	4
351187	3985000	6911000	5448338	29
356829	1728000	2594000	2161057	4
357240	3697000	5547000	4622146	5
357276	4384000	6580000	5482176	71
357441	2215000	3324000	2769911	57
357446	17642000	36028000	26834625	7
358742	5039000	7559000	6298950	4
358743	5180000	7772000	6476047	7
359110	5280000	7922000	6601213	6
360807	3024000	4538000	3781127	13
361101	1699000	2549000	2124041	10
361277	2898000	4348000	3623275	9
361575	3563000	5346000	4454891	4
363952	4297000	6446000	5371375	22
364410	2172000	3259000	2715780	10
365349	4032000	6049000	5040108	5
367190	3812000	5720000	4766106	9
368603	3346000	5020000	4182580	4
371601	5089000	7635000	6362013	105
372787	3849000	6833000	5341107	35
375175	2226000	3340000	2782906	9
376620	2162000	4165000	3163083	8
376820	27000	42000	34600	5
379064	3379000	5070000	4224182	4
379097	3652000	5479000	4565090	5
379347	3830000	5746000	4787889	52
379893	3693000	5541000	4617167	7
380021	5556000	8335000	6945424	70
386414	2370000	3873000	3121392	8
386891	1738000	2631000	2184753	9
387090	3077000	4631000	3853880	8
387661	3689000	5535000	4612238	7
390842	2370000	3556000	2963097	5
391228	2276	3414	2845	4
392030	90176000	270530000	180353108	13
392032	111889000	189931000	150910415	10
392033	134154000	402204000	268178967	8
392416	1775000	2664000	2219370	4
393664	2880000	8642000	5761113	4
393921	1685000	2529000	2106861	6
394751	3566000	5351000	4458480	6
394935	4115000	6173000	5143901	15
396323	2479000	3719000	3099050	6
400121	1628	2442	2035	5
400946	1694000	2542000	2118160	26
401562	4073000	6111000	5092239	4
401619	334000	830000	581913	5
404941	3958000	5939000	4948648	10
408139	3533000	5301000	4416922	7
409322	2411000	3744000	3077465	9
409998	3379000	5069000	4224127	7
410072	2642000	3965000	3303494	52
412384	3654000	7152000	5402701	21
413497	3613000	5421000	4517477	56
413501	3483000	5226000	4354489	9
413502	3595000	5394000	4494554	16
413503	3559000	5339000	4448882	74
415593	30973000	46460000	38716499	4
416943	5645000	8468000	7056273	9
417368	2168000	3253000	2710056	4
418240	2803000	5368000	4085555	79
418719	2244000	6734000	4488732	4
419005	1905000	2859000	2382022	5
419015	1432000	2150000	1790970	10
419257	3921000	5883000	4901876	12
419475	3865000	6094000	4979464	7
420645	1630000	2595000	2112502	4
420952	6620000	9931000	8275669	7
421010	7728	11000	9660	1
421767	4474000	6712000	5593313	4
426114	2976000	4465000	3720659	4
430531	5374000	8062000	6717532	4
431269	5013000	7520000	6266506	4
433720	81877000	245632000	163754469	8
435897	5016000	7525000	6270270	6
435910	3866000	5801000	4833599	4
436515	5417000	8127000	6771730	8
437897	1923000	2886000	2404378	11
438356	15501000	46504000	31002227	5
438744	2782000	4174000	3478129	5
440079	3424000	5137000	4280583	5
442694	4155000	6234000	5194230	141
446660	2274000	3412000	2842677	10
446692	3159000	4740000	3949347	4
447106	3361000	5042000	4201335	5
447135	1815891000	2723837000	2269864010	4
449659	1871000	2808000	2339920	5
450367	4380000	6571000	5475560	11
451644	5162000	7744000	6452573	12
453050	8584	12000	10731	1
454171	2729000	4095000	3412032	4
455432	5953000	10843000	8397700	10
456327	4256000	6386000	5320953	66
456999	21254000	63764000	42509159	28
458197	4163000	6245000	5203976	7
458836	7201000	14744000	10972510	5
459472	3135000	4704000	3919558	4
459526	3455000	7300000	5377387	7
460519	7493000	11240000	9366601	6
463360	2064	3097	2581	5
463676	5668	8503	7086	27
467085	913000	2742000	1827907	4
470150	3796000	7408000	5601885	5
470565	2394000	3593000	2993477	4
470868	5508000	8263000	6885524	4
470933	3590000	5849000	4719401	4
470934	2412000	7237000	4824004	18
471189	2680000	4118000	3399341	4
472694	4022000	6035000	5028470	17
474922	44342000	68697000	56519518	10
479117	1892000	2839000	2365554	5
481446	3239000	4860000	4049567	5
482957	6783000	10821000	8801983	18
483913	3338000	5008000	4173056	5
484184	5664000	8497000	7080437	4
486698	5406000	8110000	6757870	10
487174	2762000	4144000	3452571	8
487175	2344000	3517000	2930002	15
487316	1733000	5201000	3467181	35
487514	4207000	6451000	5329312	4
487698	3522000	5284000	4403137	7
488446	4933000	8757000	6845000	8
488447	4469000	12717000	8592768	66
488729	6100000	9152000	7626018	8
488731	6139000	9210000	7674286	11
488732	5306000	8527000	6916154	19
489632	4329000	6495000	5412239	7
491921	1863000	2796000	2329946	5
492670	3167000	4752000	3959217	348
498019	9825000	14739000	12281670	80
501571	2631000	3947000	3289066	6
502049	3345000	5979000	4662095	7
504487	3031000	4548000	3789393	4
505249	2293000	3441000	2866788	5
505252	3856000	5786000	4821029	30
508451	1615000	2474000	2044682	28
511998	3382000	5074000	4228214	11
512402	3807000	5712000	4759244	6
512643	3549000	5325000	4436723	9
515393	5670000	8507000	7088646	10
523103	18529000	27795000	23161702	4
528191	5368000	8054000	6710980	14
529731	2195000	3294000	2744715	34
535744	3549000	5325000	4436888	4
536079	27000	42000	34462	6
538381	4008000	6013000	5010549	4
539813	3953000	5931000	4942087	14
540070	86000	130000	107660	21
540747	4864000	7298000	6081236	4
542832	13951000	41855000	27903089	6
544580	2489000	3735000	3112426	23
544581	2681000	4023000	3352368	4
544645	3858000	5788000	4822903	8
544718	1537000	2307000	1922182	8
546367	3828000	5743000	4785379	24
547163	5597000	8396000	6996556	4
553239	3304000	4958000	4130884	59
553611	3693000	5540000	4616479	16
553814	3233000	5456000	4344128	4
554344	4391000	6588000	5489804	5
556287	1001000	1503000	1251701	8
558537	5582000	8375000	6978641	5
558541	3550000	5326000	4437633	4
560555	4651000	6978000	5814450	6
561184	4385000	6579000	5482041	12
561879	2985000	4479000	3731735	67
566027	1982000	2974000	2477899	5
568098	3712000	5570000	4641163	4
570156	3656000	5485000	4570506	5
571256	4032000	6308000	5170436	5
573658	584000	1754000	1168904	15
574096	4000000	6001000	5000675	5
574560	4009000	6424000	5216919	4
574561	5176000	8443000	6809691	4
574930	5209000	7814000	6511279	4
574964	4355000	6533000	5443798	4
574987	2464000	3697000	3080735	6
576117	3091000	4638000	3864749	4
576610	1156000	2253000	1704522	8
576611	1276000	3047000	2161389	13
580165	3429000	5144000	4286629	21
580937	6771000	10157000	8463950	4
582680	3196000	4796000	3996135	6
582702	3371000	5058000	4214574	4
586733	1901000	2853000	2376731	10
587753	5514000	8273000	6893725	94
588596	61632000	184873000	123252772	15
588932	2460000	3692000	3076234	4
589437	2604000	3907000	3255167	4
591154	1904000	2858000	2381049	5
592978	2558000	3838000	3197870	5
594679	1329000	1995000	1662149	4
604330	1676000	2855000	2265600	6
622488	1553000	2331000	1941973	4
626929	3258000	4938000	4098268	12
626932	2347000	3521000	2933780	5
626935	2025000	3039000	2532309	10
626937	2352000	3529000	2940111	5
633417	3740000	5738000	4738991	5
647910	2561000	3843000	3202029	4
648995	3805000	7181000	5492901	17
649756	2129000	4001000	3065136	47
651740	5203000	7805000	6503996	4
656366	2197000	6594000	4395967	6
657445	1423000	2135000	1778787	24
658057	3102000	4655000	3878707	4
658457	4313000	6470000	5391345	4
659243	3166000	4750000	3957728	7
663557	41000	62000	51370	12
664662	1032000	1549000	1290614	35
664683	4271000	6408000	5339792	9
665099	4342000	7007000	5674698	8
665913	3475000	5213000	4343751	5
666685	1894000	5685000	3789777	4
669041	2154000	3232000	2693225	11
671267	4232000	6349000	5290373	5
673372	3152000	4729000	3940552	4
674529	4927000	7392000	6159353	22
680127	3966000	5950000	4957846	4
681192	878421000	1317633000	1098026725	10
688394	18576000	55730000	37153059	4
690256	45621000	68432000	57026517	11
690259	46083000	69126000	57604911	20
693066	5980	8971	7476	5
693153	3982000	5980000	4981192	4
693997	22000	35000	28348	4
694005	15000	47000	31292	4
694009	23000	36000	29882	95
694014	22000	34000	27632	4
694270	28249000	42374000	35311574	4
696485	4551000	7229000	5890205	23
701042	4365000	6549000	5456846	5
702114	3961000	6270000	5115236	5
703342	3324000	4988000	4156096	4
706570	3002000	4504000	3753152	4
708197	42369000	63555000	52962341	5
709876	5764000	8647000	7205615	7
710243	39756000	59636000	49696089	13
714549	832000	2499000	1665901	6
717267	173321000	519965000	346642796	9
722472	4671000	11149000	7909999	7
745368	2535000	3964000	3249454	6
746128	22819000	34229000	28523966	25
747656	955000	2868000	1911429	8
749589	27021000	40533000	33776794	5
756892	2219000	3856000	3037457	93
759620	1111000	1668000	1389513	5
762209	2293000	3441000	2867214	5
766224	4769000	7154000	5961453	19
767483	36057000	54087000	45071809	4
767916	4628000	6943000	5785521	4
796937	2037000	3057000	2547409	4
857276	7210000	10816000	9013058	5
859650	2376	3564	2970	4
861445	2531000	3798000	3164527	5
861561	7926	11000	9908	1
863227	5386000	8080000	6732995	4
863372	4622000	6934000	5777919	5
871665	3439000	5539000	4488837	8
875328	3722000	5584000	4653027	6
880156	3941000	5913000	4926749	4
881260	3816000	5725000	4770337	71
885379	1097	1646	1372	5
906888	2573000	3861000	3216957	7
911092	2151000	3228000	2689445	5
912594	4764000	7709000	6236462	4
929813	4401000	6602000	5501389	5
930118	2751000	4402000	3576105	5
930166	5372000	8060000	6715909	27
930805	2407000	5773000	4090275	4
930965	2068	3103	2586	4
931244	6427	9640	8034	4
931866	6464000	10314000	8388913	8
936053	30235000	54416000	42325281	18
938155	2121000	3183000	2651865	4
941463	2409000	4069000	3238921	8
942865	5036000	7556000	6295937	5
942866	4899000	7349000	6123920	7
944994	2196	3294	2745	4
945780	3167000	4752000	3959562	4
948102	4053000	6081000	5066901	12
948311	27488000	61067000	44277489	20
948519	3625000	5438000	4531506	5
980427	2795000	4194000	3494390	18
981384	3396000	5412000	4404217	169
984307	5703000	8555000	7128857	7
984962	18837000	34270000	26553245	13
985002	2230000	3346000	2787946	178
985762	1961000	2942000	2451549	38
989370	5124000	10429000	7776092	7
1031542	1215000	1823000	1519147	16
1034125	61000	92000	76572	4
1034346	2861000	4293000	3577470	4
1038928	6186000	9280000	7733281	4
1047171	27382000	48341000	37861385	21
1049583	2302000	3454000	2878202	10
1049584	5874000	8812000	7342777	4
1050843	2097000	3146000	2621470	6
1051616	26870000	40306000	33588154	5
1064539	5985000	8979000	7482474	4
1069201	29411000	44118000	36764483	13
1069827	2260000	3392000	2826175	9
1072176	9520	15000	11900	5
1076594	2165000	4112000	3138572	4
1076596	2724000	4087000	3405323	7
1076926	5761000	8643000	7201828	23
1077675	2619000	3929000	3273958	4
1078480	1664000	2497000	2080113	5
1080349	5894000	17684000	11788746	6
1089444	3904000	5858000	4881103	38
1099853	2674000	4159000	3416584	4
1108595	3970000	5956000	4963300	6
1109412	4284000	6427000	5355394	4
1110546	1700000	2551000	2125170	4
1117645	3201000	4802000	4001557	182
1123961	2287000	3431000	2859094	4
1124835	4367000	6551000	5458933	4
1131292	2775000	4164000	3469487	4
1134687	4952000	7430000	6191071	286
1137606	3351000	5027000	4188917	6
1138170	5286000	7930000	6608288	5
1138189	5291000	7938000	6614431	5
1138194	5277000	7917000	6596907	5
1138383	4424000	6637000	5530709	14
1148157	3286000	4931000	4108464	35
1148509	4810000	7216000	6012534	6
1149773	4405000	6609000	5507193	4
1150298	2920000	4381000	3650296	24
1155739	6494000	11254000	8874115	4
1158302	94768000	284307000	189537660	6
1158459	3921000	5883000	4902066	6
1159556	17656000	52971000	35313855	4
1160721	2366000	3551000	2958633	9
1163398	4150000	7208000	5678728	4
1166323	3233000	4851000	4041985	4
1172565	2996000	4495000	3745791	26
1173061	19145000	28719000	23931866	8
1173585	2072000	5563000	3817469	48
1173715	26117000	39176000	32646474	6
1173716	26285000	39429000	32856836	5
1175848	5810	8715	7263	5
1175849	5871	8806	7339	14
1175850	5790	8685	7238	10
1175851	3618	11000	7237	8
1175852	5889	8834	7362	6
1176145	6008	9012	7510	5
1176148	6384	9577	7981	4
1176150	6281	9422	7852	5
1176649	4451000	6677000	5563858	21
1177574	3143000	4715000	3928903	4
1177758	6262	9393	7828	7
1183401	4534000	6803000	5668655	7
1183412	3950000	7331000	5640671	5
1183413	3732000	7023000	5377303	5
1184720	5697000	8547000	7122173	9
1194427	3650000	5477000	4563366	7
1194757	1650	2475	2063	80
1196083	1970000	2957000	2463518	55
1196095	1688000	4096000	2892325	72
1201031	3996000	5996000	4995896	9
1207504	6193000	9291000	7741774	12
1211322	3377000	5067000	4222435	4
1211807	3830000	5746000	4787623	6
1218507	1620000	2431000	2025403	4
1218508	1064000	2424000	1743889	5
1221500	3275000	4914000	4094761	4
1230341	2169000	3255000	2711716	4
1232575	2346000	3520000	2932842	8
1232866	9097000	13646000	11371568	6
1234261	240068000	472725000	356396538	4
1234882	986	2498	1742	4
1240404	3703000	5556000	4629208	4
1241978	4254000	6383000	5318634	5
1241981	4474000	6712000	5592921	5
1247836	7443000	11166000	9304913	5
1263550	3067000	4601000	3833877	19
1276936	2060000	3091000	2575397	8
1284706	28845000	43269000	36056803	4
1287055	2415000	3624000	3019251	7
1287735	5479000	8220000	6849493	4
1287736	5489000	8235000	6862332	5
1287738	5013000	7520000	6266614	6
1288121	3188000	4783000	3985109	5
1288410	4306000	6460000	5383013	10
1296538	2814000	4222000	3517549	4
1297617	1682000	4767000	3224506	13
1298633	6532	9798	8165	4
1303590	1498000	2248000	1872612	4
1306993	4616000	6926000	5770838	5
1307800	7640	11000	9550	3
1307955	1988000	3878000	2932964	5
1310165	4606000	6911000	5758739	30
1324617	7509000	11265000	9386773	12
1325090	5692000	11048000	8370078	5
1325107	6900000	10352000	8625957	4
1330491	5630	8654	7142	4
1330520	5913	8870	7392	4
1330521	3677	12000	7355	5
1331258	3630000	5447000	4538520	7
1333651	2018000	3028000	2522665	13
1335613	2777000	4194000	3485727	12
1335626	24000	36000	30119	2
1341132	30236000	45355000	37795466	4
1341643	2398000	7196000	4797290	4
1342299	3452000	5179000	4315149	35
1351752	23052000	49441000	36246897	10
1353891	5448000	8173000	6810124	6
1355374	1807000	2712000	2259947	5
1355477	4656000	13165000	8910608	39
1381081	3844000	5767000	4805300	4
1389713	5741000	8613000	7177273	6
1389922	4816000	7225000	6020113	5
1391911	1997000	2997000	2496829	6
1402135	4019000	6029000	5023800	120
1402861	4119000	6179000	5148918	5
1404367	5617000	8427000	7022301	4
1407499	2582000	3874000	3227860	8
1411144	2576000	4662000	3618753	4
1414603	1629	2444	2037	113
1414720	1826000	5481000	3653762	11
1414721	2890000	4337000	3613503	5
1420917	3582000	5374000	4477758	8
1421430	4860000	7291000	6075436	7
1432052	5998000	8999000	7498469	9
1435036	3009000	4515000	3762438	4
1437360	4546000	13639000	9092036	5
1444770	2223000	3335000	2778770	4
1458515	1986000	2981000	2483576	5
1462526	3482000	5224000	4353177	4
1463165	4401000	6603000	5502071	587
1465486	3357000	5036000	4196272	4
1465754	2790000	4187000	3488593	4
1468449	3301000	4953000	4126885	7
1470434	3273000	4911000	4091870	4
1472416	3835000	5753000	4793915	4
1472761	1808000	2713000	2260701	4
1475143	1402	2103	1753	8
1481663	3185000	4779000	3982476	27
1487726	4975000	7464000	6219208	8
1494963	2658000	3988000	3323019	4
1497681	2788000	4183000	3485286	6
1499973	3729000	5595000	4661709	36
1502842	2223000	3336000	2779316	5
1503054	6181000	9273000	7727470	105
1503055	5521000	8283000	6902106	38
1505723	1315000	1974000	1644230	5
1507808	2453000	7360000	4906492	4
1510841	1607000	2411000	2009012	6
1511761	1655000	2483000	2069029	7
1511783	5532	8299	6916	6
1511871	4216	6324	5270	4
1511891	3775	5662	4719	6
1513251	6128	9192	7660	4
1513256	5841	8762	7302	10
1513257	5713	8570	7142	12
1513258	5792	8689	7241	4
1513260	3631	11000	7262	8
1513263	5460	9124	7292	5
1513264	5790	8685	7238	5
1513276	6224	9336	7780	4
1516159	4378000	6568000	5472963	19
1518534	184285000	305713000	244998823	10
1530123	3174000	4928000	4051068	55
1534553	35000	53000	43842	5
1534743	4493000	6740000	5616484	6
1535768	6381000	9573000	7977238	18
1538159	5620000	8431000	7025714	4
1545044	2795000	4193000	3494033	6
1548018	2201000	3303000	2751696	5
1548713	7121	11000	8902	5
1549855	1917000	2876000	2396383	11
1550024	2108000	5787000	3947882	24
1552123	2822000	4234000	3528203	92
1563222	3095000	6770000	4932721	4
1572645	3141000	4712000	3926432	4
1574161	3218000	4828000	4022695	24
1574624	1909000	2864000	2386557	4
1578165	4002000	6004000	5002934	4
1578720	1265000	1899000	1582109	6
1580596	3382000	5074000	4227715	8
1581557	1046000	1570000	1308308	8
1583098	1923000	2886000	2404339	10
1602169	2508000	3764000	3136063	5
1605838	3874000	5812000	4843030	4
1607738	1999000	3000000	2499478	8
1607945	25785000	77357000	51571305	4
1608994	3918000	5878000	4898246	4
1608996	4268000	7623000	5945441	17
1615674	5118000	7678000	6397553	21
1617283	4373000	6560000	5466622	4
1619313	3582000	5375000	4478434	6
1633631	1643000	2811000	2227092	7
1639133	3829000	6411000	5120174	57
1642299	6622000	9935000	8278595	5
1642515	1584	2377	1981	6
1643429	874000	2624000	1749000	4
1648923	3496000	5245000	4370003	85
1653434	2615000	3924000	3269938	15
1653831	504000	757000	630169	49
1654388	2208000	3314000	2761069	9
1654716	6199000	9299000	7749011	8
1655500	1285000	1929000	1607103	15
1658174	26116000	39175000	32645650	14
1664069	3744000	5617000	4680034	6
1678143	5778	8667	7223	8
1678144	5322	7983	6653	4
1678145	5531	8296	6914	4
1686310	2081000	3123000	2602147	6
1689834	1859000	3127000	2492883	7
1697053	1901000	2853000	2377259	7
1708541	7797000	11697000	9747171	26
1708715	5370000	8056000	6712663	6
1714619	7104	11000	8880	5
1720200	2670000	4006000	3338033	4
1720313	2391000	3588000	2989356	6
1737424	2251000	4733000	3492027	22
1748967	3516000	6214000	4865186	24
1755588	7216	12000	9264	6
1756149	3503000	5255000	4379078	7
1756150	3373000	5061000	4216720	5
1763883	3732000	5599000	4665036	7
1765683	2479000	3720000	3099510	4
1775910	5310000	7966000	6637791	6
1776741	3481000	5223000	4351702	4
1778540	4004000	6007000	5005830	12
1780362	1654000	2482000	2067770	4
1785128	3103000	4656000	3879196	16
1796613	2400000	7201000	4800416	6
1796646	2645000	3969000	3306713	8
1803956	5877	8816	7347	9
1803957	3747	12000	7495	5
1812935	3989000	5985000	4987443	168
1813019	1211000	1818000	1514446	33
1818881	3587000	5382000	4484736	4
1821750	6463	9694	8079	17
1821960	3409000	5115000	4262236	6
1841856	2616000	4986000	3801097	4
1841865	2998000	4498000	3748038	4
1848903	2173000	3260000	2716283	9
1848904	2265000	3399000	2831719	4
1851006	25754000	38632000	32193229	5
1851181	28265000	42399000	35332378	5
1855823	1756000	2636000	2195958	14
1868221	1156	2844	2000	249
1868870	33628000	62952000	48289900	4
1870820	5582000	8374000	6977711	12
1870988	1751000	5256000	3503425	5
1872678	3813000	5721000	4766895	5
1879050	2932000	5066000	3998902	4
1884905	1060000	1592000	1326005	4
1890302	4470000	6706000	5588053	171
1890683	29293000	87881000	58587016	57
1891097	2056000	3086000	2571019	4
1891763	4130	6195	5163	6
1897087	7028	11000	8786	13
1899430	1168000	1753000	1460006	21
1903056	1962000	2944000	2453107	4
1904463	2546000	4525000	3535370	4
1905730	4017000	6027000	5022017	33
1906581	1703000	2556000	2129274	5
1906744	1995000	2994000	2494934	8
1906745	1537000	2714000	2125567	4
1907654	1570000	2356000	1962716	4
1908198	2757000	4137000	3446824	12
1910969	4388	6583	5486	4
1914203	134000	203000	168395	6
1914243	4234000	6353000	5293620	5
1917441	1667000	2502000	2084323	21
1918720	62000	94000	78272	4
1920765	58000	88000	72671	4
1921408	74000	112000	93180	4
1921432	660	991	826	1
1922217	875000	1314000	1094672	11
1922242	636	954	795	6
1925020	3691000	5538000	4614405	5
1925780	68000	103000	85783	5
1925782	70000	106000	88116	4
1927127	1786000	3671000	2728202	10
1932927	14000	23000	18338	4
1933179	6128	19000	12256	9
1933264	6154	19000	12308	4
1933273	9720	15000	12151	4
1933274	9791	15000	12239	12
1933290	6129	19000	12259	7
1933307	6259	19000	12519	5
1933309	9750	15000	12188	4
1934101	10000	16000	12698	4
1935204	1497000	2270000	1883443	5
1940789	1505000	2539000	2022289	15
1945589	4869	7304	6087	2
1961679	3607	11000	7215	14
1961681	3641	11000	7283	13
1963032	3233000	4851000	4042022	6
1965231	1346000	2020000	1682981	11
1967781	5130000	8036000	6582845	18
1970738	2004000	3007000	2505125	22
1972867	4076000	6466000	5270666	7
1977402	5125	7688	6407	13
1980523	14000	23000	18334	5
1980528	14000	22000	18016	5
1981032	33000	51000	41865	5
1981167	49000	74000	61343	5
1982151	42000	65000	53746	5
1982626	2239000	3359000	2799102	5
1982904	53000	81000	67232	4
1982928	54000	83000	68492	30
1984799	30000	46000	38253	5
1984800	32000	50000	41143	27
1985254	4002000	6004000	5002944	161
1985356	7391	12000	9239	10
1985363	9023	13000	11279	1
1985406	1732	2599	2166	9
1985738	31000	47000	39094	8
1986034	4461	6692	5577	362
1986350	55000	83000	69082	11
1986538	55000	83000	68839	18
1986540	54000	83000	68405	11
2003328	3650	5475	4563	2
2003329	3623	5434	4529	1
2004487	1804	2707	2256	4
2004957	1759	2638	2199	7
2004967	1708	2563	2136	4
2006134	124000	187000	155295	28
2006145	53000	81000	67465	4
2006179	52000	79000	65763	16
2006980	5216000	7825000	6520811	4
2007306	1643000	2465000	2054160	4
2008380	1175000	1910000	1542971	9
2014537	2009000	3419000	2713908	25
2015348	6871000	11497000	9183824	7
2023178	3137000	4706000	3921349	14
2025884	1894000	2842000	2367622	11
2026186	4323000	6641000	5482231	40
2026187	2739000	8114000	5426146	15
2026188	4182000	7124000	5653162	18
2026189	4715000	7074000	5894466	11
2026190	4556000	6835000	5695425	9
2026191	4330000	6497000	5413735	4
2026193	4652000	6979000	5815272	8
2026240	4607000	6912000	5759266	14
2026255	2034000	3052000	2543156	5
2027290	3647000	5472000	4559776	5
2027860	6176000	9265000	7720565	9
2027919	3211000	6543000	4876999	7
2029681	4055000	6084000	5069636	4
2034999	36000	55000	45653	4
2042057	3886000	5831000	4858646	17
2044610	671000	1007000	839058	4
2045214	3758000	5639000	4698516	5
2045451	3644000	5467000	4555174	12
2051959	3292000	6905000	5098229	6
2055160	2650000	3976000	3312578	5
2058152	4942000	7414000	6178329	108
2060066	3880000	5821000	4850364	4
2066070	4891000	8169000	6529662	12
2066479	3456000	6116000	4785880	5
2071710	3904000	5857000	4880306	7
2080107	2212	3318	2765	5
2080838	3819000	5729000	4774140	7
2081791	6166000	9250000	7707747	5
2107999	1580000	2371000	1975657	18
2108399	3786000	5680000	4732531	5
2136182	2968000	4454000	3710871	7
2169700	11000	18000	14938	6
2169706	24000	37000	30687	9
2169775	6077	9116	7597	4
2170080	9836	15000	12295	7
2170082	9812	15000	12266	28
2170099	51000	78000	64604	17
2170119	1996	2994	2495	4
2170123	2080	3121	2601	4
2182793	1986000	2981000	2483704	5
2202201	3489000	5235000	4361796	8
2202203	3929000	5895000	4912203	4
2204145	3490000	5236000	4363248	7
2211392	3482000	5224000	4352561	4
2218628	4403000	6606000	5504616	15
2219225	4779000	7170000	5974399	13
2259622	3920000	5881000	4900648	7
2267891	1249000	1895000	1571819	5
2282107	25152000	37730000	31441009	7
2282419	1897000	3624000	2760788	6
2306993	3682000	5524000	4603156	5
2320431	2041000	3063000	2552206	4
2364647	3878000	5818000	4848167	4
2482751	3430000	5147000	4288573	4
2484962	3383000	5076000	4229209	4
2484974	3429000	5145000	4287269	4
2487355	4845000	7480000	6162157	17
2487519	4326000	6491000	5408518	4
2488639	3980000	5972000	4976206	38
2494701	4068000	6103000	5085554	12
2498109	2046000	3070000	2557532	4
2499620	10000	15000	12704	1
2505970	1331000	1997000	1664047	11
2507155	159432000	478298000	318865249	24
2508296	4119000	6179000	5148763	5
2508708	1348000	2023000	1685361	4
2527775	1427000	2142000	1784601	113
2529843	2669000	4005000	3336782	5
2585118	2507000	3762000	3134698	5
2585879	14334000	43003000	28668581	5
2585947	12266000	36800000	24533244	5
2585955	7348000	22045000	14696089	4
2587412	27523000	41286000	34404357	4
2587528	4872000	7309000	6090169	4
2587529	4781000	7173000	5977040	13
2588536	1018000	1528000	1272502	29
2594913	1868000	2818000	2343010	6
2600065	4935000	7404000	6169371	6
2605270	2166000	3250000	2707619	4
2605989	6347000	9522000	7934728	4
2654982	6740000	10111000	8425670	7
2663009	1740000	2908000	2324076	11
2666183	4562000	6844000	5702904	12
2686077	3718000	5578000	4647696	4
2691557	163773000	491321000	327547173	41
2691560	141032000	423098000	282064702	18
2713500	2358000	3539000	2948585	5
2713502	2378000	3568000	2972798	9
2716812	2670000	8012000	5340989	7
2723674	17496000	37645000	27570445	8
2731247	2697000	4046000	3371353	8
2741499	4138000	6209000	5173433	4
2742203	2103000	3156000	2629435	9
2754717	850000	2552000	1700913	11
2763006	6549000	10029000	8289343	4
2766470	1325000	2578000	1951456	4
2778550	3291000	5889000	4590276	4
2781243	2321000	3483000	2901888	12
2782701	7171000	10758000	8964228	5
2801451	1594000	4518000	3056006	4
2813651	31916000	47875000	39895394	20
2838249	2251000	3378000	2814444	11
